10057,	750,	1,	36,	11,	19,	14,	325,	46,	0.39,	191,	91,	44.38,	53,	272,	49,	2920,	30,	0.2,	742,	42,	0,	0,	2,	0,	0,	0,	0,	0,	0,	0,	0,	0,	0,	0,	0,	0
10000,	685,	1,	35,	10,	16,	13,	321,	45,	0.38,	191,	90,	41.22,	50,	269,	46,	2590,	30,	0.2,	696,	40,	2,	0.04,	2,	0,	0,	0,	0,	0,	0,	0,	0,	0,	0,	0,	0,	0
9800,	624,	4.3,	34,	9.2,	14,	12,	312,	43,	0.36,	188,	88,	37.48,	47,	265,	43,	2240,	24,	0.2,	632,	37,	3,	0.05,	2,	0,	0,	0,	0,	0,	0,	0,	0,	0,	0,	0,	0,	0
9600,	586,	5.6,	33,	8.6,	13,	12,	305,	42,	0.34,	184,	86,	35.29,	44,	263,	40,	2020,	24,	0.2,	592,	35,	2,	0.05,	2,	0,	0,	0,	0,	0,	0,	0,	0,	0,	0,	0,	0,	0
9400,	555,	6.7,	32,	8.1,	12,	12,	297,	40,	0.33,	180,	84,	33.37,	42,	262,	39,	1850,	20,	0.2,	561,	34,	1,	0.03,	2,	0,	0,	0,	0,	0,	0,	0,	0,	0,	0,	0,	0,	0
9200,	528,	7.6,	31,	7.6,	11,	11,	289,	39,	0.32,	176,	82,	32.00,	41,	260,	37,	1700,	20,	0.2,	534,	32,	2,	0.07,	2,	0,	0,	0,	0,	0,	0,	0,	0,	0,	0,	0,	0,	0
9000,	504,	8.3,	30,	7.1,	10,	11,	281,	37,	0.31,	172,	81,	30.34,	39,	260,	36,	1570,	20,	0.2,	510,	30,	2,	0.08,	1,	0,	0,	0,	0,	0,	0,	0,	0,	0,	0,	0,	0,	0
8800,	483,	9,	29,	6.7,	9,	11,	274,	36,	0.3,	168,	79,	29.15,	37,	259,	34,	1460,	16,	0.2,	488,	29,	1,	0.05,	1,	0,	0,	0,	0,	0,	0,	0,	0,	0,	0,	0,	0,	0
8600,	463,	9.7,	28,	6.3,	9,	11,	266,	35,	0.29,	164,	77,	28.01,	36,	259,	33,	1350,	16,	0.3,	467,	28,	1,	0.05,	1,	0,	0,	0,	0,	0,	0,	0,	0,	0,	0,	0,	0,	0
8400,	444,	10,	28,	6,	8,	10,	258,	33,	0.27,	160,	76,	26.52,	35,	258,	32,	1260,	16,	0.3,	448,	26,	2,	0.11,	1,	0,	0,	0,	0,	0,	0,	0,	0,	0,	0,	0,	0,	0
8200,	426,	11,	27,	5.6,	8,	10,	250,	32,	0.26,	155,	74,	25.47,	33,	258,	31,	1170,	16,	0.3,	430,	25,	1,	0.06,	1,	0,	0,	0,	0,	0,	0,	0,	0,	0,	0,	0,	0,	0
8000,	409,	11,	26,	5.3,	7,	10,	242,	31,	0.25,	151,	73,	24.45,	32,	258,	30,	1090,	12,	0.3,	412,	24,	1,	0.06,	1,	0,	0,	0,	0,	0,	0,	0,	0,	0,	0,	0,	0,	0
7800,	392,	12,	25,	5,	7,	10,	234,	30,	0.24,	146,	72,	23.45,	31,	258,	29,	1010,	12,	0.3,	396,	23,	1,	0.06,	1,	0,	0,	0,	0,	0,	0,	0,	0,	0,	0,	0,	0,	0
7600,	376,	12,	24,	4.7,	7,	10,	226,	29,	0.23,	142,	70,	22.48,	30,	259,	27,	945,	12,	0.3,	380,	22,	1,	0.06,	1,	0,	0,	0,	0,	0,	0,	0,	0,	0,	0,	0,	0,	0
7400,	361,	13,	24,	4.4,	6,	9,	218,	27,	0.22,	137,	69,	21.53,	28,	259,	26,	878,	12,	0.3,	365,	21,	1,	0.07,	1,	0,	0,	0,	0,	0,	0,	0,	0,	0,	0,	0,	0,	0
7200,	346,	13,	23,	4.2,	6,	9,	210,	26,	0.21,	132,	68,	20.59,	27,	260,	26,	816,	12,	0.3,	350,	21,	0,	0.07,	1,	0,	0,	0,	0,	0,	0,	0,	0,	0,	0,	0,	0,	0
7000,	332,	14,	22,	3.9,	6,	9,	202,	25,	0.2,	128,	66,	20.08,	26,	260,	25,	757,	8,	0.3,	336,	21,	0,	0.07,	1,	0,	0,	0,	0,	0,	0,	0,	0,	0,	0,	0,	0,	0
6800,	318,	14,	22,	3.7,	5,	9,	194,	24,	0.2,	123,	65,	19.18,	25,	261,	24,	702,	8,	0.3,	322,	20,	1,	0.07,	1,	0,	0,	0,	0,	0,	0,	0,	0,	0,	0,	0,	0,	0
6600,	305,	14,	21,	3.4,	5,	9,	186,	23,	0.19,	118,	64,	18.29,	24,	262,	23,	650,	8,	0.3,	309,	19,	1,	0.07,	1,	0,	0,	0,	0,	0,	0,	0,	0,	0,	0,	0,	0,	0
6400,	291,	15,	20,	3.2,	5,	9,	178,	22,	0.18,	113,	63,	17.41,	23,	263,	22,	601,	8,	0.3,	295,	18,	1,	0.08,	1,	0,	0,	0,	0,	0,	0,	0,	0,	0,	0,	0,	0,	0
6200,	279,	15,	20,	3,	5,	8,	170,	21,	0.17,	109,	61,	16.55,	22,	264,	21,	554,	8,	0.3,	282,	17,	1,	0.08,	1,	0,	0,	0,	0,	0,	0,	0,	0,	0,	0,	0,	0,	0
6000,	266,	15,	19,	2.8,	4,	8,	162,	20,	0.17,	104,	60,	16.09,	21,	265,	20,	511,	8,	0.4,	270,	17,	0,	0.08,	1,	0,	0,	0,	0,	0,	0,	0,	0,	0,	0,	0,	0,	0
5800,	254,	16,	19,	2.6,	4,	8,	154,	19,	0.16,	99,	59,	15.25,	20,	267,	19,	469,	4,	0.4,	258,	16,	1,	0.08,	1,	0,	0,	0,	0,	0,	0,	0,	0,	0,	0,	0,	0,	0
5600,	242,	16,	18,	2.4,	4,	8,	146,	18,	0.15,	94,	58,	14.42,	19,	268,	19,	431,	4,	0.4,	246,	15,	1,	0.08,	1,	0,	0,	0,	0,	0,	0,	0,	0,	0,	0,	0,	0,	0
5400,	231,	16,	17,	2.3,	4,	8,	138,	17,	0.14,	89,	57,	13.59,	18,	270,	18,	394,	4,	0.4,	234,	15,	0,	0.08,	1,	0,	0,	0,	0,	0,	0,	0,	0,	0,	0,	0,	0,	0
5200,	219,	17,	17,	2.1,	3,	7,	130,	16,	0.14,	84,	55,	13.18,	17,	271,	17,	359,	4,	0.4,	223,	14,	1,	0.09,	1,	0,	0,	0,	0,	0,	0,	0,	0,	0,	0,	0,	0,	0
5000,	208,	17,	16,	1.9,	3,	7,	122,	16,	0.13,	80,	54,	12.37,	16,	273,	16,	327,	4,	0.4,	212,	13,	1,	0.09,	1,	0,	0,	0,	0,	0,	0,	0,	0,	0,	0,	0,	0,	0
4800,	197,	17,	16,	1.8,	3,	7,	114,	15,	0.12,	75,	53,	11.57,	15,	275,	15,	296,	2,	0.4,	201,	13,	0,	0.09,	1,	0,	0,	0,	0,	0,	0,	0,	0,	0,	0,	0,	0,	0
4600,	186,	18,	15,	1.7,	3,	7,	106,	14,	0.12,	70,	52,	11.18,	15,	277,	15,	268,	2,	0.4,	190,	13,	0,	0.09,	1,	0,	0,	0,	0,	0,	0,	0,	0,	0,	0,	0,	0,	0
4400,	175,	18,	15,	1.5,	3,	7,	99,	13,	0.11,	65,	50,	10.40,	14,	279,	14,	241,	2,	0.4,	180,	12,	1,	0.09,	1,	0,	0,	0,	0,	0,	0,	0,	0,	0,	0,	0,	0,	0
4200,	165,	19,	14,	1.4,	2,	6,	91,	12,	0.11,	61,	49,	10.03,	13,	282,	13,	216,	2,	0.3,	169,	11,	1,	0.10,	1,	0,	0,	0,	0,	0,	0,	0,	0,	0,	0,	0,	0,	0
4000,	155,	19,	14,	1.3,	2,	6,	84,	11,	0.1,	56,	48,	9.26,	12,	284,	12,	192,	2,	0.3,	159,	10,	1,	0.10,	1,	0,	0,	0,	0,	0,	0,	0,	0,	0,	0,	0,	0,	0
3800,	145,	19,	13,	1.2,	2,	6,	76,	11,	0.09,	51,	47,	8.50,	11,	286,	12,	171,	2,	0.3,	1,	1,	1,	0.01,	1,	0,	0,	0,	0,	0,	0,	0,	0,	0,	0,	0,	0,	0
3600,	135,	20,	13,	1.1,	2,	6,	69,	10,	0.08,	47,	45,	8.14,	10,	289,	11,	150,	2,	0.3,	1,	1,	1,	0.01,	1,	0,	0,	0,	0,	0,	0,	0,	0,	0,	0,	0,	0,	0
3400,	126,	20,	12,	1,	2,	6,	62,	9,	0.08,	42,	44,	7.40,	9.7,	292,	10,	132,	2,	0.3,	1,	1,	1,	0.01,	1,	0,	0,	0,	0,	0,	0,	0,	0,	0,	0,	0,	0,	0
3200,	117,	20,	12,	0.9,	2,	5,	56,	9,	0.07,	38,	42,	7.06,	8.9,	295,	9.6,	114,	2,	0.3,	1,	1,	1,	0.01,	1,	0,	0,	0,	0,	0,	0,	0,	0,	0,	0,	0,	0,	0
3000,	108,	21,	11,	0.8,	1,	5,	49,	8,	0.06,	34,	41,	6.33,	8.2,	298,	8.9,	98,	2,	0.3,	1,	1,	1,	0.01,	1,	0,	0,	0,	0,	0,	0,	0,	0,	0,	0,	0,	0,	0
2800,	99,	21,	11,	0.7,	1,	5,	43,	7,	0.06,	29,	39,	6.00,	7.5,	301,	8.2,	84,	2,	0.3,	1,	1,	1,	0.01,	1,	0,	0,	0,	0,	0,	0,	0,	0,	0,	0,	0,	0,	0
2600,	90,	22,	11,	0.7,	1,	5,	36,	7,	0.05,	25,	37,	5.28,	6.8,	305,	7.5,	71,	2,	0.3,	1,	1,	1,	0.01,	1,	0,	0,	0,	0,	0,	0,	0,	0,	0,	0,	0,	0,	0
2400,	81,	22,	10,	0.6,	1,	4,	31,	6,	0.04,	22,	36,	4.57,	6.1,	309,	6.9,	59,	2,	0.3,	1,	1,	1,	0.01,	1,	0,	0,	0,	0,	0,	0,	0,	0,	0,	0,	0,	0,	0
2200,	73,	23,	9.6,	0.5,	1,	4,	25,	5,	0.03,	18,	34,	4.27,	5.5,	313,	6.2,	48,	2,	0.3,	1,	1,	1,	0.01,	1,	0,	0,	0,	0,	0,	0,	0,	0,	0,	0,	0,	0,	0
2000,	65,	24,	9.1,	0.5,	1,	4,	21,	4,	0.02,	15,	31,	3.58,	4.8,	318,	5.6,	39,	2,	0.2,	1,	1,	1,	0.01,	1,	0,	0,	0,	0,	0,	0,	0,	0,	0,	0,	0,	0,	0
1800,	57,	25,	8.7,	0.4,	1,	3,	16,	4,	0.02,	12,	29,	3.30,	4.2,	323,	5,	30,	2,	0.2,	1,	1,	1,	0.01,	1,	0,	0,	0,	0,	0,	0,	0,	0,	0,	0,	0,	0,	0
1600,	49,	25,	8.2,	0.4,	1,	3,	13,	3,	0.01,	9,	27,	3.02,	3.6,	330,	4.4,	23,	2,	0.2,	1,	1,	1,	0.01,	1,	0,	0,	0,	0,	0,	0,	0,	0,	0,	0,	0,	0,	0
1400,	42,	26,	7.8,	0.3,	1,	3,	9,	2,	0.01,	7,	24,	2.36,	3,	337,	3.8,	17,	2,	0.2,	1,	1,	1,	0.01,	1,	0,	0,	0,	0,	0,	0,	0,	0,	0,	0,	0,	0,	0
1200,	35,	27,	7.4,	0.3,	0,	2,	7,	2,	0.01,	5,	21,	2.10,	2.5,	346,	3.2,	12,	2,	0.2,	1,	1,	1,	0.01,	1,	0,	0,	0,	0,	0,	0,	0,	0,	0,	0,	0,	0,	0
1000,	28,	29,	7.1,	0.2,	0,	2,	5,	1,	0,	4,	18,	1.45,	2,	356,	2.6,	8.3,	2,	0.2,	1,	1,	1,	0.01,	1,	0,	0,	0,	0,	0,	0,	0,	0,	0,	0,	0,	0,	0
800,	22,	30,	6.9,	0.2,	0,	2,	3,	1,	0,	2,	15,	1.22,	1.5,	366,	2.1,	5.2,	2,	0.2,	1,	1,	1,	0.01,	1,	0,	0,	0,	0,	0,	0,	0,	0,	0,	0,	0,	0,	0
600,	16,	31,	6.7,	0.1,	0,	1,	2,	0,	0,	1,	11,	0.59,	1.1,	378,	1.5,	2.8,	2,	0.2,	1,	1,	1,	0.01,	1,	0,	0,	0,	0,	0,	0,	0,	0,	0,	0,	0,	0,	0
400,	10,	32,	6.7,	0.1,	0,	1,	1,	0,	0,	1,	8,	0.37,	0.7,	390,	1,	1.2,	2,	0.2,	1,	1,	1,	0.01,	1,	0,	0,	0,	0,	0,	0,	0,	0,	0,	0,	0,	0,	0
200,	4,	34,	6.8,	0,	0,	0,	0,	0,	0,	0,	4,	0.17,	0.3,	402,	0.5,	0.3,	2,	0.2,	1,	1,	1,	0.01,	1,	0,	0,	0,	0,	0,	0,	0,	0,	0,	0,	0,	0,	0