0,	0,	0,	0,	0
20,	0,	0,	0,	0
40,	0,	0,	0,	0
60,	0,	0,	0,	0
80,	0,	0,	0,	0
100,	-0.1,	0,	0,	0
120,	-0.1,	-0.1,	0,	0
140,	-0.1,	-0.1,	0,	0
160,	-0.1,	-0.1,	0,	0
180,	-0.1,	-0.1,	0.1,	0
200,	-0.1,	-0.1,	0.1,	0
220,	-0.1,	-0.1,	0.1,	0.1
240,	-0.1,	-0.1,	0.1,	0.1
260,	0,	-0.1,	0.2,	0.1
280,	0,	0,	0.2,	0.2
300,	0.1,	0,	0.2,	0.2
320,	0.2,	0.1,	0.3,	0.2
340,	0.3,	0.2,	0.3,	0.3
360,	0.4,	0.3,	0.4,	0.3
380,	0.5,	0.4,	0.5,	0.4
400,	0.7,	0.6,	0.6,	0.5
420,	1,	0.7,	0.6,	0.5
440,	1.2,	1.0,	0.7,	0.6
460,	1.5,	1.2,	0.9,	0.7
480,	1.8,	1.5,	1.0,	0.9
500,	2.4,	1.9,	1.2,	1.0
520,	2.9,	2.5,	1.4,	1.2
540,	3.5,	3.0,	1.6,	1.4
560,	4.2,	3.6,	1.9,	1.6
580,	5.6,	4.4,	2.2,	1.9	
600,	6.9,	5.8,	2.7,	2.3
620,	8.7,	7.1,	3.3,	2.8
640,	11.2,	8.9,	4.1,	3.4
660,	17.1,	11.2,	5.5,	4.1
680,	27.1,	15.3,	8.0,	5.1
700,	27.1,	21.0,	8.0,	6.6
720,	27.1,	29.8,	8.0,	9.0
740,	27.1,	41.8,	8.0,	12.5
750,    27.1,   41.8,	8.0,	12.5