0,	0,	0,	0,	0
20,	0,	0,	0,	0
40,	0,	0,	0,	0
60,	0,	0,	0,	0
80,	0,	0,	0,	0
100,	0.1,	0,	0,	0
120,	0.1,	0.1,	0,	0
140,	0.1,	0.1,	0,	0
160,	0.1,	0.1,	0,	0
180,	0.2,	0.2,	0,	0
200,	0.3,	0.3,	0,	0
220,	0.3,	0.3,	0,	0
240,	0.4,	0.4,	0,	0
260,	0.6,	0.5,	0,	0
280,	0.7,	0.6,	0,	0
300,	0.8,	0.8,	0,	0
320,	1.0,	0.9,	0,	0
340,	1.2,	1.1,	0,	0
360,	1.4,	1.3,	0,	0
380,	1.7,	1.6,	0,	0
400,	2.0,	1.8,	0,	0
420,	2.4,	2.1,	0,	0
440,	2.8,	2.6,	0,	0
460,	3.2,	3.0,	0,	0
480,	3.8,	3.5,	0,	0
500,	4.6,	4.0,	0,	0
520,	5.4,	4.9,	0,	0
540,	6.4,	5.8,	0,	0
560,	7.6,	6.8,	0,	0
580,	9.6,	8.1,	0,	0
600,	12.1,	10.1,	0,	0
620,	15.5,	12.3,	0,	0
640,	21.4,	15.1,	0,	0
660,	35.3,	18.9,	0,	0
680,	35.3,	25.0,	0,	0
700,	35.3,	34.2,	0,	0
720,	35.3,	47.4,	0,	0
740,	35.3,	65.7,	0,	0
750,    35.3,   65.7,	0,	0