0,	0,	0,	0,	0
20,	0,	0,	0,	0
40,	0,	0,	0,	0
60,	0,	0,	0,	0
80,	0,	0,	0,	0
100,	0.1,	0,	0,	0
120,	0.1,	0.1,	0,	0
140,	0.2,	0.2,	0,	0
160,	0.3,	0.2,	0,	0
180,	0.4,	0.3,	0,	0
200,	0.4,	0.4,	0,	0
220,	0.5,	0.5,	0,	0
240,	0.7,	0.6,	0,	0
260,	0.8,	0.8,	0,	0
280,	1.0,	0.9,	0,	0
300,	1.2,	1.1,	0,	0
320,	1.4,	1.3,	0,	0
340,	1.6,	1.5,	0,	0
360,	1.9,	1.8,	0,	0
380,	2.2,	2.0,	0,	0
400,	2.5,	2.4,	0,	0
420,	3.0,	2.7,	0,	0
440,	3.4,	3.2,	0,	0
460,	4.0,	3.7,	0,	0
480,	4.6,	4.3,	0,	0
500,	5.5,	5.0,	0,	0
520,	6.5,	5.8,	0,	0
540,	7.6,	6.8,	0,	0
560,	9.1,	8.1,	0,	0
580,	11.2,	9.6,	0,	0
600,	14.1,	11.6,	0,	0
620,	18.4,	14.1,	0,	0
640,	25.6,	17.3,	0,	0
660,	47.4,	21.9,	0,	0
680,	47.4,	28.8,	0,	0
700,	47.4,	38.5,	0,	0
720,	47.4,	53.0,	0,	0
740,	47.4,	73.0,	0,	0
750,    47.4,   73.0,	0,	0