0,	0,	0,	0,	0
20,	0,	0,	0,	0
40,	0,	0,	0,	0
60,	0,	0,	0,	0
80,	0,	0,	0,	0
100,	0,	0,	0,	0
120,	0,	-0.1,	0,	0
140,	-0.1,	-0.1,	0,	0
160,	0,	-0.1,	0,	0
180,	0,	0,	0,	0
200,	0,	0,	0,	0
220,	0,	0,	0,	0
240,	0.1,	0.1,	0,	0
260,	0.2,	0.1,	0,	0
280,	0.3,	0.2,	0,	0
300,	0.3,	0.3,	0,	0
320,	0.5,	0.4,	0,	0
340,	0.6,	0.5,	0,	0
360,	0.8,	0.7,	0,	0
380,	0.9,	0.9,	0,	0
400,	1.2,	1.0,	0,	0
420,	1.6,	1.3,	0,	0
440,	1.8,	1.7,	0,	0
460,	2.2,	2.0,	0,	0
480,	2.2,	2.0,	0,	0
500,	3.4,	2.8,	0,	0
520,	4.1,	3.6,	0,	0
540,	4.8,	4.3,	0,	0
560,	5.7,	5.1,	0,	0
580,	7.7,	6.1,	0,	0
600,	9.5,	8.1,	0,	0
620,	12.0,	10.0,	0,	0
640,	16.1,	12.2,	0,	0
660,	25.7,	15.1,	0,	0
680,	25.7,	20.4,	0,	0
700,	25.7,	28.9,	0,	0
720,	25.7,	39.6,	0,	0
740,	25.7,	55.8,	0,	0
750,    25.7,   55.8,	0,	0