0,	0,	0,	0,	0
20,	0,	0,	0,	0
40,	0,	0,	0,	0
60,	0,	0,	0,	0
80,	0,	0,	0,	0
100,	-0.1,	0,	0,	0
120,	-0.1,	-0.1,	0,	0
140,	-0.1,	-0.2,	0,	0
160,	-0.1,	-0.2,	0.1,	0
180,	-0.1,	-0.2,	0.1,	0
200,	-0.1,	-0.2,	0.1,	0.1
220,	-0.1,	-0.1,	0.1,	0.1
240,	-0.1,	-0.1,	0.1,	0.1
260,	0,	-0.1,	0.2,	0.1
280,	0,	0,	0.2,	0.2
300,	0.1,	0,	0.3,	0.2
320,	0.2,	0.1,	0.3,	0.2
340,	0.3,	0.2,	0.4,	0.3
360,	0.4,	0.3,	0.4,	0.4
380,	0.5,	0.4,	0.5,	0.4
400,	0.7,	0.6,	0.6,	0.5
420,	1.0,	0.8,	0.7,	0.6
440,	1.3,	1.1,	0.8,	0.7
460,	1.6,	1.4,	0.9,	0.8
480,	1.9,	1.7,	1.0,	0.9
500,	2.6,	2.0,	1.2,	1.0
520,	3.1,	2.8,	1.4,	1.2
540,	3.8,	3.3,	1.6,	1.4
560,	4.5,	4.0,	1.8,	1.6
580,	6.2,	4.8,	2.2,	1.9
600,	7.7,	6.5,	2.6,	2.2
620,	9.6,	8.0,	3.2,	2.6
640,	12.7,	10.0,	4.0,	3.1
660,	20.5,	12.4,	5.3,	3.8
680,	36.7,	17.2,	7.5,	4.7
700,	36.7,	24.3,	7.5,	5.8
720,	36.7,	34.0,	7.5,	7.6
740,	36.7,	48.4,	7.5,	10.2
750,    36.7,   48.7 ,	7.5,	10.2