0,	0,	0,	0,	0
20,	0,	0,	0,	0
40,	0,	0,	0,	0
60,	0,	0,	0,	0
80,	0,	0,	0,	0
100,	0,	0,	0,	0
120,	0,	0,	0,	0
140,	0,	0,	0,	0
160,	0,	0,	0,	0
180,	0,	0,	0,	0
200,	0,	0,	0,	0
220,	0,	0,	0,	0
240,	0.1,	0,	0,	0
260,	0.1,	0.1,	0,	0
280,	0.2,	0.1,	0,	0
300,	0.2,	0.2,	0,	0
320,	0.3,	0.2,	0,	0
340,	0.4,	0.3,	0,	0
360,	0.6,	0.5,	0,	0
380,	0.7,	0.6,	0,	0
400,	0.9,	0.7,	0,	0
420,	1.2,	1.0,	0,	0
440,	1.5,	1.3,	0,	0
460,	1.8,	1.6,	0,	0
480,	2.1,	1.9,	0,	0
500,	2.9,	2.3,	0,	0
520,	3.4,	3.0,	0,	0
540,	4.1,	3.6,	0,	0
560,	4.9,	4.3,	0,	0
580,	6.8,	5.2,	0,	0
600,	8.3,	7.1,	0,	0
620,	10.4,	8.8,	0,	0
640,	13.9,	10.8,	0,	0
660,	23.0,	13.4,	0,	0
680,	48.1,	18.6,	0,	0
700,	48.1,	26.6,	0,	0
720,	48.1,	37.0,	0,	0
740,	48.1,	52.7,	0,	0
750,    48.1,   52.7,	0,	0