6200,	820,	2,	25,	8,	97,	15,	36,	103,	40
6000,	884,	4,	29,	9,	99,	15,	35,	100,	42
5800,	928,	5,	32,	10,	100,	15,	34,	96,	43
5600,	965,	6,	35,	11,	100,	14,	33,	93,	44
5400,	997,	6,	38,	11,	100,	14,	32,	90,	45
5200,	1026,	7,	42,	12,	99,	13,	31,	86,	46
5000,	1053,	7,	45,	12,	98,	13,	30,	83,	47
4800,	1078,	8,	48,	13,	97,	12,	28,	80,	47
4600,	1101,	8,	52,	14,	96,	12,	27,	76,	48
4400,	1124,	9,	56,	14,	94,	11,	26,	73,	48
4200,	1145,	9,	60,	15,	93,	11,	25,	70,	49
4000,	1165,	10,	64,	16,	92,	10,	24,	66,	49
0,	0,	0,	0,	0,	0,	0,	0,	0,	0	