8200,	814,	3,	18,	11,	220,	28,	120,	94,	46
8000,	869,	4,	22,	11,	215,	27,	116,	93,	48
7800,	908,	6,	24,	12,	211,	27,	113,	91,	50
7600,	939,	7,	27,	13,	207,	26,	109,	89,	51
7400,	967,	7,	29,	13,	203,	26,	106,	87,	52
7200,	991,	8,	32,	14,	199,	25,	103,	84,	53
7000,	1014,	9,	34,	14,	195,	24,	100,	82,	53
6800,	1035,	9,	37,	15,	192,	24,	97,	80,	54
6600,	1055,	10,	39,	15,	188,	23,	94,	78,	55
6400,	1074,	10,	42,	16,	184,	22,	91,	75,	55
6200,	1092,	11,	45,	17,	181,	22,	88,	73,	56
6000,	1109,	11,	48,	17,	177,	21,	85,	71,	56
5800,	1126,	12,	51,	18,	174,	20,	82,	69,	56
5600,	1142,	12,	54,	19,	170,	20,	79,	66,	57
5400,	1157,	12,	58,	19,	167,	19,	76,	64,	57
0,	0,	0,	0,	0,	0,	0,	0,	0,	0