12800,	777,	2,	23,	19,	421,	80,	244,	115,	59
12600,	841,	5,	27,	20,	426,	80,	238,	115,	62
12400,	877,	6,	30,	21,	427,	79,	233,	113,	63
12200,	904,	8,	32,	22,	426,	78,	229,	112,	65
12000,	927,	9,	34,	22,	425,	77,	225,	110,	66
11800,	947,	10,	36,	23,	423,	76,	220,	109,	67
11600,	966,	11,	38,	24,	421,	75,	216,	108,	68
11400,	983,	12,	40,	24,	419,	74,	212,	106,	68
11200,	999,	12,	42,	25,	417,	72,	208,	104,	69
11000,	1014,	13,	43,	25,	414,	71,	204,	103,	70
10800,	1028,	14,	45,	26,	412,	70,	200,	101,	70
10600,	1041,	14,	47,	27,	410,	69,	196,	99,	71
10400,	1054,	15,	49,	27,	407,	68,	192,	98,	71
10200,	1067,	16,	51,	28,	405,	66,	188,	96,	72
10000,	1079,	16,	53,	29,	402,	65,	184,	94,	72
9800,	1090,	17,	55,	29,	400,	64,	181,	92,	72
9600,	1102,	17,	58,	30,	398,	63,	177,	90,	73	
9400,	1113,	18,	60,	31,	395,	61,	173,	88,	73
9200,	1123,	18,	62,	32,	393,	60,	169,	86,	73
9000,	1134,	19,	64,	32,	390,	59,	166,	85,	74
8800,	1144,	19,	67,	33,	388,	57,	162,	83,	74
8600,	1154,	19,	69,	34,	386,	56,	158,	81,	74
8400,	1163,	20,	72,	35,	383,	56,	155,	79,	75
0,	0,	0,	0,	0,	0,	0,	0,	0,	0