11400,	811,	3,	24,	18,	380,	64,	218,	102,	56
11200,	859,	5,	27,	19,	380,	63,	213,	101,	59
11000,	892,	7,	30,	19,	378,	62,	208,	100,	60
10800,	919,	8,	32,	20,	375,	62,	204,	98,	61
10600,	942,	9,	35,	21,	372,	61,	200,	97,	62
10400,	963,	10,	37,	21,	369,	60,	196,	95,	63
10200,	982,	11,	39,	22,	367,	59,	192,	93,	64
10000,	999,	11,	41,	23,	363,	58,	188,	92,	65
9800,	1016,	12,	43,	23,	360,	57,	184,	90,	65
9600,	1031,	13,	45,	24,	357,	56,	180,	88,	66
9400,	1046,	13,	47,	25,	354,	54,	176,	86,	66
9200,	1060,	14,	50,	25,	351,	53,	172,	85,	67
9000,	1074,	14,	52,	26,	348,	52,	168,	83,	67
8800,	1087,	15,	54,	27,	345,	51,	165,	81,	68
8600,	1099,	15,	57,	27,	342,	50,	161,	79,	68
8400,	1111,	16,	59,	28,	339,	49,	157,	77,	68
8200,	1123,	16,	62,	29,	336,	48,	153,	76,	69
8000,	1135,	17,	65,	30,	333,	47,	150,	74,	69
7800,	1146,	17,	68,	31,	330,	46,	146,	72,	69
7600,	1157,	18,	70,	31,	328,	44,	142,	70,	70
0,	0,	0,	0,	0,	0,	0,	0,	0,	0