15200,	781,	2,	24,	20,	489,	113,	280,	142,	61	
15000,	837,	5,	28,	22,	499,	113,	274,	142,	63
14800,	869,	7,	31,	22,	502,	112,	268,	141,	70
14600,	895,	8,	34,	23,	504,	111,	264,	140,	72
14400,	916,	10,	36,	23,	504,	110,	259,	139,	73
14200,	935,	11,	39,	24,	505,	109,	254,	137,	74
14000,	952,	12,	41,	25,	504,	107,	250,	136,	75
13800,	968,	13,	44,	26,	504,	106,	246,	134,	75
13600,	983,	13,	46,	26,	503,	105,	241,	133,	76
13400,	996,	14,	49,	27,	502,	103,	237,	131,	77
13200,	1009,	15,	51,	27,	501,	102,	233,	129,	77
13000,	1022,	16,	54,	28,	499,	101,	229,	128,	78
12800,	1033,	17,	56,	28,	498,	99,	225,	126,	78
12600,	1045,	17,	59,	29,	497,	98,	222,	124,	79
12400,	1056,	18,	62,	30,	495,	96,	218,	122,	79
12200,	1066,	18,	64,	30,	494,	95,	214,	121,	80
12000,	1077,	19,	67,	31,	493,	93,	210,	119,	80
11800,	1086,	20,	70,	32,	491,	92,	207,	117,	81
11600,	1096,	20,	73,	32,	490,	90,	203,	115,	81
11400,	1105,	21,	77,	33,	488,	89,	200,	113,	81
11200,	1115,	21,	80,	34,	486,	87,	196,	111,	82
11000,	1124,	22,	83,	34,	485,	86,	192,	109,	82
10800,	1132,	22,	87,	35,	483,	84,	189,	108,	82
10600,	1141,	23,	91,	36,	482,	83,	185,	106,	83
10400,	1149,	23,	94,	36,	480,	81,	182,	104,	83
10200,	1158,	24,	97,	37,	479,	80,	178,	102,	83
10000,	1166,	24,	102,	38,	477,	78,	175,	100,	83
0,	0,	0,	0,	0,	0,	0,	0,	0,	0