10000,	798,	2,	22,	15,	325,	46,	188,	91,	51
9800,	856,	4,	26,	16,	321,	46,	183,	90,	54
9600,	893,	6,	29,	16,	317,	45,	179,	89,	55
9400,	922,	7,	31,	17,	313,	44,	174,	87,	57
9200,	948,	8,	34,	18,	308,	44,	170,	86,	58
9000,	970,	9,	36,	18,	304,	43,	166,	84,	58
8800,	991,	10,	38,	19,	300,	42,	162,	83,	59
8600,	1010,	11,	41,	19,	296,	41,	158,	81,	60
8400,	1028,	12,	43,	20,	292,	40,	154,	79,	60
8200,	1045,	12,	46,	21,	288,	39,	151,	77,	61
8000,	1061,	13,	48,	21,	284,	39,	147,	75,	61
7800,	1076,	13,	51,	22,	280,	38,	143,	74,	62
7600,	1091,	14,	54,	23,	276,	37,	139,	72,	62
7400,	1105,	14,	56,	23,	273,	36,	136,	70,	63
7200,	1118,	15,	59,	24,	269,	35,	132,	68,	63
7000,	1132,	15,	62,	25,	266,	34,	128,	66,	63
6800,	1145,	15,	66,	26,	262,	33,	125,	64,	64
6600,	1157,	15,	69,	27,	259,	32,	121,	62,	64
0,	0,	0,	0,	0,	0,	0,	0,	0,	0