15300,	747,	1,	38,	12,	22,	20,	482,	111,	1.53,	282,	142,	44.49,	59,	313,	63,	5100,	60,	-5.8,	745,	54,	0,	0.1,	2,	750,	315.8,	0.30,	130,	76,	41,	48,	13,	1.29,	1.01,	0.014,	2.44,	1.73
15200,	686,	1,	38,	12,	20,	19,	472,	110,	1.49,	283,	140,	42.46,	58,	310,	61,	4760,	60,	-5.8,	744,	53.5,	0,	0.5,	2,	750,	315.8,	0.30,	130,	76,	41,	48,	13,	1.29,	1.01,	0.014,	2.44,	1.73
15000,	641,	4.6,	37,	11,	17,	18,	451,	106,	1.41,	282,	137,	39.11,	55,	305,	57,	4190,	50,	-5.8,	684,	51,	3,	0.05,	2,	741,	313.1,	0.30,	129,	76,	41,	47,	13,	1.27,	0.98,	0.014,	2.42,	1.72
14800,	609,	6.2,	36,	11,	16,	18,	436,	103,	1.37,	279,	135,	37.03,	53,	301,	54,	3850,	50,	-4.6,	638,	47,	4,	0.91,	2,	664,	287.8,	0.35,	126,	82,	41,	43,	12,	1.18,	0.89,	0.013,	2.32,	1.63
14600,	582,	7.4,	35,	10,	15,	17,	423,	100,	1.34,	275,	133,	35.22,	51,	298,	52,	3590,	40,	-3.4,	606,	45,	2,	0.06,	2,	625,	274.6,	0.35,	123,	88,	41,	41,	11,	1.12,	0.83,	0.012,	2.22,	1.55
14400,	558,	8.4,	34,	10,	14,	17,	411,	98,	1.31,	272,	131,	33.54,	50,	296,	51,	3360,	40,	-2.9,	580,	44,	1,	0.04,	2,	595,	264.2,	0.35,	121,	93,	41,	39,	10,	1.06,	0.79,	0.011,	2.12,	1.48
14200,	537,	9.2,	33,	9.7,	14,	17,	400,	95,	1.28,	268,	130,	32.36,	49,	294,	49,	3170,	40,	-2.4,	557,	43,	1,	0.04,	2,	569,	255.1,	0.35,	118,	97,	41,	38,	10,	1.01,	0.76,	0.011,	2.02,	1.42
14000,	517,	10,	33,	9.4,	13,	16,	389,	93,	1.26,	264,	128,	31.25,	47,	292,	48,	2990,	40,	-2.1,	536,	42,	1,	0.05,	2,	546,	247.0,	0.35,	115,	100,	41,	36,	9.8,	0.97,	0.73,	0.010,	1.93,	1.37
13800,	499,	11,	32,	9.1,	13,	16,	378,	91,	1.24,	259,	127,	30.19,	46,	290,	46,	2830,	40,	-1.8,	517,	41,	1,	0.05,	2,	525,	239.5,	0.35,	112,	102,	40,	35,	9.4,	0.92,	0.71,	0.010,	1.85,	1.33
13600,	481,	11,	31,	8.8,	12,	16,	368,	89,	1.22,	255,	125,	29.16,	45,	289,	45,	2680,	40,	-1.7,	499,	40,	1,	0.06,	2,	506,	232.5,	0.35,	109,	104,	40,	34,	9.1,	0.88,	0.69,	0.009,	1.77,	1.30
13400,	464,	12,	31,	8.5,	12,	15,	358,	87,	1.2,	250,	124,	28.17,	44,	287,	44,	2540,	30,	-1.6,	482,	38,	2,	0.12,	2,	488,	225.8,	0.35,	106,	106,	40,	33,	8.8,	0.83,	0.67,	0.009,	1.70,	1.27
13200,	449,	13,	30,	8.2,	11,	15,	348,	85,	1.18,	246,	122,	27.21,	43,	286,	43,	2410,	30,	-1.4,	466,	37,	1,	0.06,	2,	470,	219.5,	0.35,	104,	107,	40,	32,	8.5,	0.79,	0.65,	0.009,	1.63,	1.25
13000,	434,	13,	30,	8,	11,	15,	338,	83,	1.17,	241,	121,	26.27,	42,	285,	42,	2290,	30,	-1.3,	451,	36,	1,	0.07,	2,	454,	213.4,	0.35,	101,	108,	40,	32,	8.2,	0.75,	0.63,	0.008,	1.56,	1.23
12800,	419,	14,	29,	7.7,	11,	15,	328,	81,	1.15,	236,	120,	25.36,	41,	284,	41,	2170,	30,	-1.2,	436,	35,	1,	0.07,	2,	438,	207.6,	0.35,	98,	110,	40,	31,	8.0,	0.72,	0.61,	0.008,	1.50,	1.20
12600,	405,	14,	29,	7.5,	10,	15,	319,	80,	1.13,	232,	118,	24.46,	40,	283,	39,	2060,	30,	-1.1,	422,	35,	0,	0.01,	2,	423,	201.9,	0.35,	96,	111,	40,	30,	7.8,	0.68,	0.59,	0.008,	1.44,	1.18
12400,	391,	14,	28,	7.2,	10,	14,	309,	78,	1.11,	227,	117,	23.57,	39,	282,	38,	1960,	24,	-1.1,	408,	34,	1,	0.07,	1,	409,	196.4,	0.40,	94,	113,	40,	29,	7.7,	0.64,	0.58,	0.008,	1.38,	1.15
12200,	378,	15,	28,	7,	10,	14,	300,	76,	1.1,	222,	116,	23.11,	38,	282,	37,	1860,	24,	-1,	394,	33,	1,	0.07,	1,	395,	191.1,	0.40,	91,	114,	40,	28,	7.5,	0.61,	0.56,	0.007,	1.33,	1.13
12000,	365,	15,	27,	6.8,	9,	14,	291,	75,	1.08,	217,	115,	22.25,	37,	281,	36,	1760,	24,	-1,	381,	32,	1,	0.08,	1,	381,	185.9,	0.40,	88,	115,	40,	28,	7.4,	0.57,	0.54,	0.007,	1.28,	1.11
11800,	353,	16,	27,	6.6,	9,	14,	282,	73,	1.06,	212,	114,	21.41,	36,	281,	36,	1670,	24,	-0.9,	369,	31,	1,	0.08,	1,	368,	180.9,	0.40,	86,	116,	40,	27,	7.2,	0.54,	0.53,	0.007,	1.23,	1.09
11600,	341,	16,	26,	6.4,	9,	14,	273,	72,	1.04,	207,	113,	20.58,	35,	280,	35,	1580,	20,	-0.8,	356,	30,	1,	0.08,	1,	356,	176.0,	0.40,	84,	117,	40,	26,	7.0,	0.51,	0.52,	0.007,	1.18,	1.07
11400,	391,	17,	26,	6.2,	9,	13,	264,	70,	1.03,	202,	111,	20.17,	34,	280,	34,	1500,	20,	-0.7,	344,	29,	1,	0.08,	1,	343,	171.2,	0.40,	81,	118,	40,	25,	6.9,	0.48,	0.50,	0.006,	1.13,	1.05
11200,	317,	17,	25,	6,	8,	13,	256,	68,	1.01,	197,	110,	19.36,	33,	280,	33,	1420,	20,	-0.7,	332,	28,	1,	0.08,	1,	331,	166.5,	0.40,	79,	118,	40,	24,	6.8,	0.44,	0.49,	0.006,	1.08,	1.03
11000,	306,	17,	25,	5.8,	8,	13,	247,	67,	0.99,	192,	109,	18.56,	32,	280,	32,	1340,	20,	-0.6,	321,	27,	1,	0.09,	1,	320,	161.9,	0.40,	76,	119,	40,	24,	6.7,	0.42,	0.47,	0.006,	1.04,	1.01
10800,	295,	18,	24,	5.7,	8,	13,	239,	65,	0.97,	187,	108,	18.17,	31,	280,	31,	1270,	20,	-0.6,	310,	26,	1,	0.09,	1,	308,	157.4,	0.40,	73,	119,	40,	23,	6.6,	0.39,	0.46,	0.006,	0.99,	0.99
10600,	285,	18,	24,	5.5,	8,	13,	230,	64,	0.95,	182,	107,	17.39,	30,	280,	30,	1200,	20,	-0.6,	299,	26,	0,	0.01,	1,	297,	152.9,	0.40,	70,	119,	40,	23,	6.5,	0.36,	0.45,	0.006,	0.94,	0.97
10400,	274,	19,	24,	5.3,	8,	12,	222,	63,	0.94,	177,	106,	17.02,	29,	281,	29,	1130,	20,	-0.5,	288,	26,	0,	0.01,	1,	286,	148.5,	0.40,	68,	120,	40,	22,	6.4,	0.33,	0.44,	0.005,	0.90,	0.95
10200,	264,	19,	23,	5.2,	7,	12,	214,	61,	0.92,	172,	105,	16.26,	28,	281,	28,	1070,	16,	-0.5,	278,	25,	1,	0.10,	1,	276,	144.2,	0.40,	66,	120,	41,	22,	6.3,	0.31,	0.42,	0.005,	0.86,	0.94
10000,	254,	20,	23,	5,	7,	12,	206,	60,	0.9,	166,	104,	15.50,	28,	281,	28,	1010,	16,	-0.5,	268,	24,	1,	0.10,	1,	265,	139.9,	0.40,	63,	120,	41,	21,	6.3,	0.28,	0.41,	0.005,	0.82,	0.92
9800,	245,	20,	22,	4.8,	7,	12,	198,	58,	0.87,	161,	103,	15.15,	27,	282,	27,	952,	12,	-0.4,	258,	23,	1,	0.10,	1,	255,	135.7,	0.40,	61,	121,	41,	20,	6.2,	0.26,	0.40,	0.004,	0.78,	0.90
9600,	235,	20,	22,	4.7,	7,	12,	190,	57,	0.85,	156,	102,	14.41,	26,	283,	26,	895,	12,	-0.4,	248,	22,	1,	0.10,	1,	245,	131.6,	0.40,	58,	122,	42,	19,	6.2,	0.24,	0.39,	0.004,	0.74,	0.88
9400,	226,	21,	22,	4.6,	6,	11,	182,	56,	0.83,	151,	101,	14.08,	25,	284,	25,	841,	12,	-0.4,	239,	21,	1,	0.11,	1,	236,	127.6,	0.45,	56,	122,	42,	19,	6.1,	0.22,	0.37,	0.004,	0.70,	0.86
9200,	217,	21,	21,	4.4,	6,	11,	174,	55,	0.81,	146,	100,	13.35,	24,	285,	25,	788,	12,	-0.4,	230,	21,	0,	0.11,	1,	226,	123.6,	0.45,	54,	123,	42,	18,	6.1,	0.20,	0.36,	0.004,	0.66,	0.85
9000,	208,	22,	21,	4.3,	6,	11,	167,	53,	0.78,	141,	99,	13.03,	23,	286,	24,	738,	8,	-0.3,	221,	20,	1,	0.11,	1,	217,	119.7,	0.45,	52,	124,	42,	17,	6.0,	0.18,	0.35,	0.003,	0.63,	0.83
8800,	199,	22,	21,	4.2,	6,	11,	159,	52,	0.76,	136,	98,	12.32,	22,	287,	23,	690,	8,	-0.3,	212,	19,	1,	0.11,	1,	208,	115.8,	0.45,	50,	125,	43,	17,	6.0,	0.16,	0.34,	0.003,	0.59,	0.81
8600,	191,	23,	20,	4,	6,	10,	152,	51,	0.73,	131,	97,	12.01,	21,	288,	22,	645,	8,	-0.3,	203,	18,	1,	0.11,	1,	200,	112.0,	0.45,	48,	125,	43,	16,	6.0,	0.14,	0.33,	0.003,	0.56,	0.79
8400,	182,	23,	20,	3.9,	5,	10,	145,	49,	0.7,	126,	96,	11.31,	20,	290,	22,	601,	8,	-0.3,	194,	18,	0,	0.11,	1,	191,	108.2,	0.45,	46,	126,	43,	16,	5.9,	0.13,	0.31,	0.002,	0.52,	0.77
8200,	144,	24,	20,	3.8,	5,	10,	138,	48,	0.68,	121,	94,	11.01,	20,	291,	21,	559,	8,	-0.2,	186,	18,	0,	0.13,	1,	183,	104.5,	0.45,	44,	126,	44,	15,	5.8,	0.12,	0.30,	0.002,	0.49,	0.75
8000,	167,	24,	19,	3.7,	5,	10,	131,	47,	0.64,	116,	93,	10.33,	19,	293,	20,	519,	8,	-0.2,	178,	17,	1,	0.13,	1,	175,	100.8,	0.45,	42,	127,	44,	15,	5.7,	0.10,	0.29,	0.002,	0.46,	0.73
7800,	159,	25,	19,	3.5,	5,	10,	124,	45,	0.61,	111,	92,	10.05,	18,	295,	19,	482,	4,	-0.2,	170,	16,	1,	0.13,	1,	167,	97.2,	0.45,	40,	127,	45,	14,	5.6,	0.09,	0.28,	0.001,	0.43,	0.71
7600,	151,	25,	18,	3.4,	4,	9,	117,	44,	0.58,	106,	91,	9.37,	17,	297,	19,	446,	4,	-0.2,	162,	16,	0,	0.13,	1,	159,	93.6,	0.45,	39,	127,	45,	14,	5.4,	0.08,	0.26,	0.001,	0.40,	0.69
7400,	144,	26,	18,	3.3,	4,	9,	110,	43,	0.55,	102,	90,	9.10,	16,	299,	18,	411,	4,	-0.1,	155,	15,	1,	0.14,	1,	151,	90.0,	0.45,	37,	127,	46,	13,	5.2,	0.07,	0.25,	0.001,	0.37,	0.67
7200,	137,	27,	18,	3.2,	4,	9,	104,	42,	0.51,	97,	88,	8.44,	15,	301,	17,	379,	4,	-0.1,	148,	14,	1,	0.14,	1,	144,	86.5,	0.45,	35,	128,	46,	13,	4.9,	0.06,	0.23,	0.001,	0.34,	0.65
7000,	130,	27,	17,	3.1,	4,	9,	98,	40,	0.47,	92,	87,	8.19,	15,	303,	17,	349,	4,	-0.1,	141,	14,	0,	0.14,	1,	137,	83.1,	0.50,	33,	128,	47,	12,	4.6,	0.06,	0.22,	0,	0.32,	0.63
6800,	124,	28,	17,	3,	4,	8,	91,	39,	0.44,	87,	86,	7.54,	14,	306,	16,	320,	4,	-0.1,	134,	13,	1,	0.14,	1,	130,	79.7,	0.50,	31,	129,	48,	11,	4.3,	0.05,	0.20,	0,	0.30,	0.61
6600,	117,	29,	17,	2.9,	4,	8,	86,	37,	0.4,	83,	84,	7.30,	13,	309,	15,	293,	4,	0,	127,	13,	0,	0.14,	1,	123,	76.3,	0.50,	30,	130,	48,	11,	4.0,	0.05,	0.18,	0,	0.28,	0.59
6400,	111,	30,	16,	2.8,	3,	8,	80,	36,	0.37,	78,	83,	7.07,	12,	312,	15,	267,	4,	0,	120,	12,	1,	0.14,	1,	117,	73.0,	0.50,	28,	132,	49,	10,	3.8,	0.05,	0.16,	0,	0.26,	0.57
6200,	105,	31,	16,	2.7,	3,	8,	74,	34,	0.33,	74,	82,	6.44,	12,	315,	14,	243,	4,	0,	114,	11,	1,	0.17,	1,	111,	69.7,	0.55,	26,	133,	49,	9.8,	3.6,	0.05,	0.15,	0,	0.24,	0.55
6000,	99,	32,	16,	2.6,	3,	7,	69,	33,	0.3,	70,	80,	6.22,	11,	319,	13,	221,	2,	0,	108,	11,	0,	0.17,	1,	105,	66.5,	0.55,	25,	134,	50,	9.3,	3.4,	0.05,	0.13,	0,	0.22,	0.53
5800,	93,	33,	15,	2.5,	3,	7,	64,	31,	0.27,	65,	79,	6.01,	10,	324,	13,	200,	2,	0,	1,	1,	1,	0.01,	1,	99,	63.4,	0.55,	24,	135,	51,	8.8,	3.2,	0.05,	0.12,	0,	0.20,	0.51
5600,	88,	34,	15,	2.4,	3,	7,	59,	29,	0.25,	61,	77,	5.40,	9.5,	330,	12,	181,	2,	0,	1,	1,	1,	0.01,	1,	93,	60.3,	0.55,	22,	137,	52,	8.3,	3.0,	0.04,	0.11,	0,	0.18,	0.49
5400,	82,	35,	15,	2.3,	3,	6,	54,	28,	0.22,	57,	75,	5.20,	8.8,	336,	11,	163,	2,	0,	1,	1,	1,	0.01,	1,	88,	57.3,	0.55,	21,	139,	53,	7.8,	2.8,	0.04,	0.10,	0,	0.17,	0.47
5200,	77,	37,	14,	2.2,	2,	6,	50,	26,	0.2,	53,	74,	5.01,	8.1,	344,	11,	146,	2,	0,	1,	1,	1,	0.01,	1,	83,	54.3,	0.55,	20,	141,	53,	7.4,	2.6,	0.04,	0.09,	0,	0.15,	0.45
5000,	73,	38,	14,	2.1,	2,	6,	46,	24,	0.18,	49,	72,	4.43,	7.5,	352,	10,	131,	2,	0,	1,	1,	1,	0.01,	1,	78,	51.4,	0.60,	18,	144,	54,	7.0,	2.5,	0.04,	0.08,	0,	0.14,	0.43
4800,	68,	40,	14,	2,	2,	5,	42,	23,	0.16,	46,	70,	4.25,	7,	361,	9.8,	117,	2,	0,	1,	1,	1,	0.01,	1,	73,	48.6,	0.60,	17,	147,	54,	6.6,	2.3,	0.04,	0.07,	0,	0.13,	0.41
4600,	64,	41,	14,	2,	2,	5,	38,	21,	0.14,	42,	68,	4.08,	6.4,	370,	9.2,	104,	2,	0,	1,	1,	1,	0.01,	1,	68,	45.9,	0.60,	16,	150,	55,	6.2,	2.2,	0.03,	0.06,	0,	0.11,	0.39
4400,	59,	43,	13,	1.9,	2,	5,	34,	19,	0.12,	39,	66,	3.52,	5.9,	380,	8.7,	92,	2,	0,	1,	1,	1,	0.01,	1,	64,	43.3,	0.60,	15,	154,	55,	5.8,	2.1,	0.03,	0.06,	0,	0.10,	0.37
4200,	55,	45,	13,	1.8,	2,	5,	31,	18,	0.11,	36,	64,	3.36,	5.4,	391,	8.2,	82,	2,	0,	1,	1,	1,	0.01,	1,	60,	40.7,	0.60,	14,	158,	56,	5.4,	2.0,	0.03,	0.05,	0,	0.09,	0.35
4000,	51,	47,	13,	1.7,	2,	4,	28,	16,	0.09,	32,	62,	3.21,	4.9,	402,	7.7,	72,	2,	0,	1,	1,	1,	0.01,	1,	56,	38.2,	0.60,	14,	161,	56,	5.0,	1.9,	0.02,	0.04,	0,	0.08,	0.33
3800,	47,	48,	13,	1.6,	2,	4,	25,	15,	0.08,	29,	59,	3.07,	4.5,	413,	7.2,	63,	2,	0,	1,	1,	1,	0.01,	1,	52,	35.8,	0.60,	13,	164,	56,	4.6,	1.7,	0.02,	0.04,	0,	0.08,	0.31
3600,	44,	50,	13,	1.5,	1,	4,	22,	13,	0.07,	26,	57,	2.53,	4.1,	425,	6.7,	55,	2,	0,	1,	1,	1,	0.01,	1,	48,	33.4,	0.60,	12,	166,	57,	4.2,	1.6,	0.02,	0.04,	0,	0.07,	0.29
3400,	40,	52,	13,	1.4,	1,	4,	20,	12,	0.06,	24,	55,	2.40,	3.7,	437,	6.2,	47,	2,	0,	1,	1,	1,	0.01,	1,	44,	31.1,	0.65,	11,	168,	57,	3.9,	1.5,	0.02,	0.03,	0,	0.06,	0.27
3200,	37,	55,	13,	1.3,	1,	3,	17,	11,	0.05,	21,	52,	2.27,	3.4,	449,	5.8,	41,	2,	0,	1,	1,	1,	0.01,	1,	41,	28.9,	0.65,	9.9,	171,	58,	3.6,	1.4,	0.02,	0.03,	0,	0.06,	0.25
3000,	33,	57,	13,	1.3,	1,	3,	15,	9,	0.04,	19,	50,	2.14,	3,	462,	5.3,	35,	2,	0,	1,	1,	1,	0.01,	1,	37,	26.7,	0.65,	9.0,	174,	58,	3.3,	1.3,	0.01,	0.02,	0,	0.05,	0.24
2800,	30,	59,	13,	1.2,	1,	3,	13,	8,	0.03,	16,	47,	2.03,	2.7,	475,	4.9,	29,	2,	0,	1,	1,	1,	0.01,	1,	34,	24.6,	0.65,	8.2,	177,	58,	3.1,	1.2,	0.01,	0.02,	0,	0.05,	0.22
2600,	28,	61,	14,	1.1,	1,	3,	11,	7,	0.03,	14,	44,	1.51,	2.4,	489,	4.5,	25,	2,	0,	1,	1,	1,	0.01,	1,	31,	22.5,	0.65,	7.5,	180,	59,	2.8,	1.1,	0.01,	0.02,	0,	0.04,	0.20
2400,	24,	64,	14,	1,	1,	2,	10,	6,	0.02,	12,	41,	1.40,	2.2,	502,	4.1,	20,	2,	0,	1,	1,	1,	0.01,	1,	28,	20.5,	0.70,	6.8,	184,	59,	2.6,	1.0,	0.01,	0.01,	0,	0.03,	0.19
2200,	21,	66,	14,	0.9,	1,	2,	8,	5,	0.02,	10,	38,	1.29,	1.9,	516,	3.7,	17,	2,	0,	1,	1,	1,	0.01,	1,	25,	18.6,	0.70,	6.1,	187,	60,	2.3,	0.9,	0.01,	0.01,	0,	0.03,	0.17
2000,	18,	68,	15,	0.8,	1,	2,	7,	4,	0.01,	8,	35,	1.19,	1.7,	531,	3.3,	13,	2,	0,	1,	1,	1,	0.01,	1,	22,	16.7,	0.70,	5.5,	191,	60,	2.1,	0.9,	0.01,	0.01,	0,	0.02,	0.16
1800,	16,	71,	15,	0.8,	1,	2,	5,	3,	0.01,	7,	32,	1.09,	1.5,	545,	2.9,	11,	2,	0,	1,	1,	1,	0.01,	1,	20,	14.8,	0.70,	4.9,	194,	61,	1.9,	0.8,	0,	0.01,	0,	0.02,	0.14
1600,	13,	74,	15,	0.7,	1,	1,	4,	3,	0.01,	5,	29,	1.00,	1.2,	560,	2.6,	8.1,	2,	0,	1,	1,	1,	0.01,	1,	17,	13.0,	0.70,	4.3,	197,	61,	1.6,	0.7,	0,	0.01,	0,	0.01,	0.12
1400,	11,	76,	16,	0.6,	0,	1,	3,	2,	0.01,	4,	26,	0.51,	1.1,	575,	2.2,	6,	2,	0,	1,	1,	1,	0.01,	1,	14,	11.3,	0.70,	3.7,	199,	62,	1.4,	0.6,	0,	0,	0,	0.01,	0.10
1200,	8,	79,	16,	0.5,	0,	1,	2,	2,	0,	3,	22,	0.42,	0.9,	590,	1.9,	4.3,	2,	0,	1,	1,	1,	0.01,	1,	12,	9.6,	0.75,	3.1,	200,	62,	1.1,	0.5,	0,	0,	0,	0.01,	0.08
1000,	6,	82,	17,	0.4,	0,	1,	2,	1,	0,	2,	19,	0.33,	0.7,	606,	1.6,	2.9,	2,	0,	1,	1,	1,	0.01,	1,	10,	7.9,	0.75,	2.5,	200,	62,	0.9,	0.4,	0,	0,	0,	0.01,	0.06
800,	4,	85,	17,	0.3,	0,	1,	1,	1,	0,	1,	15,	0.25,	0.5,	622,	1.2,	1.8,	2,	0,	1,	1,	1,	0.01,	1,	7,	6.2,	0.75,	2.0,	200,	62,	0.7,	0.3,	0,	0,	0,	0,	0.04
600,	1,	88,	18,	0.3,	0,	1,	1,	0,	0,	1,	12,	0.17,	0.4,	638,	0.9,	1,	2,	0,	1,	1,	1,	0.01,	1,	5,	4.6,	0.75,	1.5,	200,	63,	0.5,	0.3,	0,	0,	0,	0,	0.03
400,	1,	91,	18,	0.2,	0,	0,	0,	0,	0,	0,	8,	0.09,	0.3,	654,	0.6,	0.4,	2,	0,	1,	1,	1,	0.01,	1,	3,	3.1,	0.75,	1,	200,	63,	0.4,	0.2,	0,	0,	0,	0,	0.02
200,	1,	94,	19,	0.1,	0,	0,	0,	0,	0,	0,	4,	0.02,	0.1,	670,	0.3,	0.1,	2,	0,	1,	1,	1,	0.01,	1,	0,	0,	0,	0,	0,	0,	0,	0,	0,	0,	0,	0,	0