12831,	750,	1,	37,	12,	21,	18,	417,	80,	0.96,	245,	115,	44.43,	57,	297,	57,	4050,	50,	-2.8,	744,	48,	0,	0,	2,	750,	280.7,	0.30,	121,	78,	37,	43,	12,	1.48,	0.70,	0.007,	2.32,	1.48
12800,	695,	1,	37,	12,	20,	18,	410,	79,	0.94,	245,	115,	42.41,	55,	294,	55,	3780,	50,	-2.8,	719,	47,	1,	0.04,	2,	750,	280.7,	0.30,	121,	78,	37,	43,	12,	1.48,	0.70,	0.007,	2.32,	1.48
12600,	635,	4.4,	36,	11,	17,	17,	393,	76,	0.9,	242,	112,	38.45,	52,	288,	51,	3270,	40,	-2.7,	650,	44,	3,	0.04,	2,	750,	280.7,	0.30,	121,	78,	37,	43,	12,	1.48,	0.70,	0.007,	2.32,	1.48
12400,	599,	5.9,	35,	10,	15,	16,	380,	73,	0.87,	239,	110,	36.30,	50,	285,	48,	2980,	40,	-1.7,	612,	42,	2,	0.05,	2,	664,	255.2,	0.30,	114,	86,	38,	39,	11,	1.39,	0.63,	0.006,	2.10,	1.36
12200,	570,	7.1,	34,	9.8,	14,	16,	369,	71,	0.84,	235,	109,	34.44,	48,	282,	46,	2750,	40,	-1.3,	582,	40,	2,	0.07,	2,	622,	242.1,	0.30,	109,	90,	38,	36,	11,	1.32,	0.60,	0.006,	1.98,	1.30
12000,	546,	8,	33,	9.4,	13,	15,	358,	69,	0.81,	230,	107,	33.13,	46,	280,	45,	2560,	40,	-1.0,	557,	39,	1,	0.04,	2,	589,	231.8,	0.30,	105,	92,	38,	34,	9.8,	1.26,	0.57,	0.006,	1.88,	1.25
11800,	523,	8.8,	32,	9,	12,	15,	348,	67,	0.78,	226,	106,	31.51,	45,	278,	43,	2400,	40,	-0.9,	534,	37,	2,	0.04,	2,	561,	222.9,	0.35,	101,	93,	38,	33,	9.4,	1.20,	0.54,	0.006,	1.79,	1.21
11600,	502,	9.6,	32,	8.6,	12,	15,	338,	66,	0.76,	221,	104,	30.37,	43,	277,	42,	2250,	30,	-0.7,	514,	36,	1,	0.05,	2,	537,	215.0,	0.35,	97,	95,	38,	32,	9.0,	1.15,	0.52,	0.005,	1.71,	1.18
11400,	483,	10,	31,	8.2,	11,	14,	328,	64,	0.74,	217,	103,	29.27,	42,	276,	41,	2110,	30,	-0.7,	494,	35,	1,	0.05,	2,	515,	207.7,	0.35,	94,	96,	38,	31,	8.6,	1.10,	0.50,	0.005,	1.64,	1.15
11200,	464,	11,	30,	7.9,	10,	14,	318,	62,	0.73,	212,	102,	28.22,	41,	275,	39,	1990,	24,	-0.6,	476,	34,	1,	0.06,	2,	494,	200.8,	0.35,	90,	98,	38,	30,	8.2,	1.05,	0.48,	0.005,	1.57,	1.12
11000,	447,	11,	30,	7.6,	10,	14,	309,	61,	0.71,	207,	100,	27.21,	40,	274,	38,	1870,	24,	-0.5,	459,	33,	1,	0.06,	2,	475,	194.3,	0.35,	87,	99,	38,	29,	7.9,	1.00,	0.46,	0.005,	1.51,	1.09
10800,	431,	12,	29,	7.3,	9,	14,	299,	59,	0.69,	202,	99,	26.22,	39,	273,	37,	1760,	24,	-0.5,	443,	32,	1,	0.06,	1,	457,	188.2,	0.35,	84,	100,	38,	28,	7.6,	0.95,	0.44,	0.005,	1.45,	1.06
10600,	415,	13,	29,	7,	9,	14,	290,	57,	0.68,	198,	98,	25.26,	37,	272,	36,	1660,	20,	-0.4,	427,	31,	1,	0.06,	1,	440,	182.3,	0.35,	81,	101,	38,	27,	7.3,	0.90,	0.43,	0.005,	1.39,	1.04
10400,	400,	13,	28,	6.8,	9,	13,	281,	56,	0.66,	193,	97,	24.32,	36,	272,	35,	1570,	20,	-0.3,	412,	30,	1,	0.07,	1,	423,	176.6,	0.35,	78,	101,	38,	26,	7.1,	0.86,	0.42,	0.005,	1.33,	1.02
10200,	386,	13,	27,	6.5,	8,	13,	272,	54,	0.65,	188,	96,	23.40,	35,	272,	34,	1480,	20,	-0.3,	398,	29,	1,	0.07,	1,	407,	171.1,	0.35,	75,	102,	38,	25,	6.9,	0.81,	0.40,	0.005,	1.27,	1.00
10000,	372,	14,	27,	6.3,	8,	13,	263,	53,	0.64,	183,	95,	22.50,	34,	271,	33,	1390,	20,	-0.2,	384,	28,	1,	0.07,	1,	392,	165.9,	0.35,	72,	102,	38,	25,	6.7,	0.76,	0.39,	0.004,	1.21,	0.98
9800,	358,	14,	26,	6,	8,	13,	254,	51,	0.62,	178,	94,	22.01,	33,	271,	32,	1310,	16,	-0.2,	370,	27,	1,	0.07,	1,	377,	160.8,	0.35,	69,	103,	39,	25,	6.5,	0.72,	0.38,	0.004,	1.16,	0.96
9600,	345,	15,	26,	5.8,	7,	12,	245,	50,	0.61,	173,	93,	21.14,	32,	271,	31,	1230,	16,	-0.1,	357,	26,	1,	0.08,	1,	363,	155.8,	0.35,	66,	103,	39,	24,	6.3,	0.68,	0.36,	0.004,	1.10,	0.94
9400,	332,	15,	25,	5.6,	7,	12,	236,	49,	0.6,	167,	91,	20.28,	31,	271,	30,	1160,	16,	-0.1,	344,	26,	0,	0.01,	1,	350,	150.9,	0.35,	64,	104,	39,	23,	6.1,	0.64,	0.35,	0.004,	1.05,	0.92
9200,	320,	16,	25,	5.4,	7,	12,	228,	47,	0.58,	162,	90,	19.43,	30,	272,	29,	1090,	16,	0,	332,	25,	1,	0.08,	1,	336,	146.1,	0.35,	61,	104,	39,	22,	5.9,	0.60,	0.34,	0.004,	1.00,	0.90
9000,	308,	16,	24,	5.2,	6,	12,	219,	46,	0.57,	157,	89,	18.59,	29,	272,	28,	1020,	12,	0,	320,	24,	1,	0.08,	1,	323,	141.4,	0.35,	59,	104,	39,	21,	5.8,	0.56,	0.33,	0.004,	0.95,	0.89
8800,	296,	16,	24,	5,	6,	12,	210,	45,	0.56,	152,	88,	18.17,	28,	272,	27,	966,	12,	0,	308,	23,	1,	0.08,	1,	311,	136.8,	0.35,	57,	105,	39,	20,	5.7,	0.52,	0.32,	0.004,	0.90,	0.87
8600,	285,	17,	23,	4.8,	6,	12,	202,	43,	0.55,	147,	87,	17.35,	27,	273,	26,	906,	12,	0,	296,	22,	1,	0.08,	1,	299,	132.3,	0.35,	55,	106,	39,	20,	5.7,	0.48,	0.31,	0.003,	0.85,	0.85
8400,	274,	17,	23,	4.6,	5,	11,	194,	42,	0.53,	142,	86,	16.55,	26,	274,	26,	849,	12,	0,	285,	22,	0,	0.09,	1,	287,	127.9,	0.35,	53,	106,	39,	19,	5.6,	0.45,	0.30,	0.003,	0.80,	0.83
8200,	263,	18,	23,	4.4,	5,	11,	185,	41,	0.52,	137,	85,	16.15,	25,	274,	25,	794,	12,	0,	274,	21,	1,	0.09,	1,	275,	123.6,	0.40,	51,	107,	39,	19,	5.6,	0.41,	0.29,	0.003,	0.75,	0.81
8000,	252,	18,	22,	4.2,	5,	11,	177,	40,	0.51,	132,	84,	15.36,	24,	275,	24,	742,	8,	0,	263,	20,	1,	0.09,	1,	264,	119.4,	0.40,	49,	107,	39,	18,	5.5,	0.38,	0.28,	0.003,	0.71,	0.80
7800,	241,	18,	22,	4.1,	5,	11,	169,	39,	0.49,	127,	83,	14.58,	23,	276,	23,	692,	8,	0,	252,	19,	1,	0.09,	1,	253,	115.2,	0.40,	47,	108,	40,	17,	5.4,	0.34,	0.27,	0.003,	0.67,	0.78
7600,	231,	19,	21,	3.9,	4,	11,	161,	37,	0.48,	121,	82,	14.21,	22,	277,	22,	645,	8,	0,	242,	18,	1,	0.10,	1,	242,	111.1,	0.40,	45,	109,	40,	17,	5.4,	0.31,	0.26,	0.003,	0.63,	0.76
7400,	221,	19,	21,	3.8,	4,	10,	153,	36,	0.46,	116,	81,	13.45,	21,	279,	22,	600,	8,	0,	232,	18,	0,	0.10,	1,	232,	107.1,	0.40,	43,	110,	40,	16,	5.3,	0.28,	0.25,	0.003,	0.59,	0.74
7200,	211,	20,	20,	3.6,	4,	10,	146,	35,	0.45,	111,	80,	13.09,	21,	280,	21,	557,	8,	0.1,	222,	17,	1,	0.10,	1,	221,	103.1,	0.40,	42,	111,	41,	16,	5.3,	0.26,	0.24,	0.002,	0.55,	0.72
7000,	201,	20,	20,	3.5,	4,	10,	138,	34,	0.43,	106,	79,	12.34,	20,	282,	20,	516,	8,	0.1,	212,	17,	0,	0.10,	1,	211,	99.2,	0.40,	40,	112,	41,	15,	5.2,	0.23,	0.23,	0.002,	0.51,	0.71
6800,	192,	20,	20,	3.3,	4,	10,	130,	33,	0.42,	101,	78,	12.00,	19,	283,	19,	477,	8,	0.1,	203,	16,	1,	0.11,	1,	201,	95.4,	0.40,	38,	114,	42,	14,	5.1,	0.20,	0.22,	0.002,	0.47,	0.69
6600,	183,	21,	19,	3.2,	3,	9,	123,	32,	0.4,	96,	77,	11.27,	18,	285,	18,	440,	4,	0.1,	194,	16,	0,	0.11,	1,	192,	91.6,	0.40,	37,	115,	42,	14,	5.0,	0.18,	0.21,	0.002,	0.44,	0.67
6400,	174,	21,	19,	3,	3,	9,	116,	31,	0.38,	91,	75,	10.54,	17,	287,	18,	405,	4,	0.1,	184,	15,	1,	0.11,	1,	183,	87.8,	0.40,	36,	116,	43,	13,	4.9,	0.16,	0.20,	0.002,	0.40,	0.66
6200,	165,	22,	18,	2.9,	3,	9,	109,	30,	0.37,	86,	74,	10.22,	16,	289,	17,	371,	4,	0.2,	175,	14,	1,	0.11,	1,	173,	84.1,	0.40,	34,	117,	43,	13,	4.8,	0.14,	0.19,	0.001,	0.37,	0.64
6000,	156,	22,	18,	2.8,	3,	9,	102,	28,	0.35,	82,	73,	9.51,	15,	291,	16,	340,	4,	0.2,	167,	13,	1,	0.12,	1,	164,	80.5,	0.40,	33,	119,	44,	12,	4.7,	0.12,	0.18,	0.001,	0.34,	0.62
5800,	148,	23,	18,	2.7,	3,	8,	95,	27,	0.33,	77,	72,	9.20,	15,	293,	16,	310,	4,	0.2,	158,	13,	0,	0.12,	1,	156,	76.9,	0.40,	32,	120,	44,	11,	4.5,	0.10,	0.17,	0.001,	0.31,	0.60
5600,	140,	23,	17,	2.6,	3,	8,	88,	26,	0.3,	72,	71,	8.50,	14,	295,	15,	282,	4,	0.2,	150,	13,	0,	0.13,	1,	147,	73.4,	0.45,	30,	121,	45,	11,	4.2,	0.08,	0.16,	0.001,	0.28,	0.58
5400,	132,	24,	17,	2.4,	2,	8,	81,	25,	0.28,	67,	69,	8.21,	13,	298,	14,	156,	4,	0.2,	142,	12,	1,	0.13,	1,	139,	69.9,	0.45,	28,	122,	45,	10,	3.9,	0.07,	0.15,	0.001,	0.26,	0.56
5200,	124,	24,	16,	2.3,	2,	8,	75,	24,	0.26,	63,	68,	7.52,	12,	301,	14,	231,	2,	0.2,	134,	11,	1,	0.13,	1,	131,	66.5,	0.45,	27,	123,	46,	9.7,	3.6,	0.06,	0.14,	0,	0.23,	0.54
5000,	117,	25,	16,	2.2,	2,	7,	69,	23,	0.23,	58,	66,	7.24,	11,	304,	13,	208,	2,	0.2,	126,	11,	0,	0.13,	1,	123,	63.1,	0.45,	25,	124,	46,	9.2,	3.3,	0.05,	0.13,	0,	0.21,	0.52
4800,	109,	26,	16,	2.1,	2,	7,	63,	22,	0.21,	54,	65,	6.57,	11,	307,	12,	186,	2,	0.2,	1,	1,	1,	0.01,	1,	116,	59.8,	0.45,	23,	125,	47,	8.7,	3.0,	0.04,	0.12,	0,	0.19,	0.50
4600,	102,	27,	15,	2,	2,	7,	57,	21,	0.19,	50,	63,	6.31,	10,	310,	12,	166,	2,	0.2,	1,	1,	1,	0.01,	1,	108,	56.5,	0.45,	21,	126,	47,	8.2,	2.8,	0.04,	0.11,	0,	0.17,	0.48
4400,	95,	27,	15,	1.9,	2,	7,	52,	19,	0.16,	46,	62,	6.06,	9.3,	314,	11,	148,	2,	0.2,	1,	1,	1,	0.01,	1,	101,	53.2,	0.45,	20,	127,	48,	7.7,	2.6,	0.03,	0.09,	0,	0.15,	0.46
4200,	88,	28,	14,	1.8,	2,	6,	47,	18,	0.14,	42,	60,	5.41,	8.6,	318,	10,	130,	2,	0.2,	1,	1,	1,	0.01,	1,	94,	50.0,	0.45,	18,	128,	48,	7.2,	2.4,	0.03,	0.08,	0,	0.14,	0.44
4000,	82,	29,	14,	1.7,	1,	6,	42,	17,	0.12,	38,	58,	5.17,	7.9,	323,	9.6,	115,	2,	0.2,	1,	1,	1,	0.01,	1,	88,	46.9,	0.50,	17,	130,	49,	6.7,	2.2,	0.03,	0.07,	0,	0.12,	0.41
3800,	75,	30,	14,	1.6,	1,	6,	37,	16,	0.1,	34,	56,	4.54,	7.2,	329,	9,	100,	2,	0.2,	1,	1,	1,	0.01,	1,	81,	43.9,	0.50,	16,	132,	50,	6.2,	2.0,	0.03,	0.06,	0,	0.11,	0.39
3600,	69,	31,	13,	1.5,	1,	5,	33,	14,	0.09,	31,	54,	4.32,	6.6,	336,	8.4,	87,	2,	0.2,	1,	1,	1,	0.01,	1,	75,	41.0,	0.50,	15,	134,	50,	5.8,	1.8,	0.03,	0.05,	0,	0.10,	0.37
3400,	64,	33,	13,	1.5,	1,	5,	29,	13,	0.07,	28,	52,	4.10,	6,	344,	7.8,	75,	2,	0.2,	1,	1,	1,	0.01,	1,	69,	38.1,	0.50,	14,	136,	51,	5.4,	1.6,	0.03,	0.05,	0,	0.08,	0.35
3200,	58,	34,	12,	1.4,	1,	5,	26,	12,	0.06,	25,	50,	3.50,	5.4,	353,	7.2,	65,	2,	0.2,	1,	1,	1,	0.01,	1,	64,	35.3,	0.50,	13,	138,	51,	5.0,	1.5,	0.02,	0.04,	0,	0.07,	0.32
3000,	53,	35,	12,	1.3,	1,	4,	22,	10,	0.05,	22,	48,	3.30,	4.9,	363,	6.7,	55,	2,	0.2,	1,	1,	1,	0.01,	1,	58,	32.6,	0.50,	12,	141,	52,	4.6,	1.4,	0.02,	0.03,	0,	0.06,	0.30
2800,	48,	37,	12,	1.2,	1,	4,	19,	9,	0.04,	19,	45,	3.11,	4.4,	373,	6.1,	46,	2,	0.2,	1,	1,	1,	0.01,	1,	53,	30.0,	0.50,	11,	143,	53,	4.2,	1.3,	0.02,	0.03,	0,	0.05,	0.28
2600,	43,	39,	12,	1.1,	1,	4,	16,	8,	0.03,	16,	43,	2.53,	3.9,	384,	5.6,	39,	2,	0.2,	1,	1,	1,	0.01,	1,	48,	27.4,	0.50,	10,	145,	53,	3.8,	1.2,	0.02,	0.02,	0,	0.04,	0.26
2400,	38,	40,	11,	1,	1,	3,	14,	7,	0.03,	14,	40,	2.35,	3.4,	395,	5.1,	32,	2,	0.2,	1,	1,	1,	0.01,	1,	43,	24.9,	0.50,	9.0,	147,	54,	3.5,	1.1,	0.01,	0.02,	0,	0.03,	0.23
2200,	34,	42,	11,	0.9,	1,	3,	11,	6,	0.02,	12,	37,	2.18,	3,	407,	4.6,	26,	2,	0.2,	1,	1,	1,	0.01,	1,	39,	22.5,	0.55,	8.0,	149,	54,	3.1,	1.0,	0.01,	0.02,	0,	0.02,	0.21
2000,	29,	44,	11,	0.8,	1,	3,	9,	5,	0.02,	10,	34,	2.02,	2.6,	420,	4.1,	21,	2,	0.2,	1,	1,	1,	0.01,	1,	34,	20.2,	0.55,	7.0,	150,	55,	2.8,	0.9,	0.01,	0.01,	0,	0.02,	0.19
1800,	25,	45,	11,	0.8,	0,	2,	8,	4,	0.01,	8,	32,	1.47,	2.3,	433,	3.7,	16,	2,	0.2,	1,	1,	1,	0.01,	1,	30,	17.9,	0.55,	6.1,	150,	55,	2.4,	0.7,	0.01,	0.01,	0,	0.02,	0.17
1600,	21,	47,	11,	0.7,	0,	2,	6,	3,	0.01,	6,	28,	1.32,	1.9,	446,	3.2,	12,	2,	0.2,	1,	1,	1,	0.01,	1,	26,	15.7,	0.55,	5.3,	150,	56,	2.1,	0.6,	0.01,	0.01,	0,	0.02,	0.15
1400,	17,	49,	11,	0.6,	0,	2,	4,	2,	0.01,	5,	25,	1.18,	1.6,	459,	2.8,	9.3,	2,	0.2,	1,	1,	1,	0.01,	1,	22,	13.5,	0.55,	4.5,	150,	56,	1.8,	0.5,	0,	0.01,	0,	0.01,	0.13
1200,	13,	51,	11,	0.5,	0,	2,	3,	2,	0.01,	4,	22,	1.04,	1.3,	473,	2.3,	6.6,	2,	0.2,	1,	1,	1,	0.01,	1,	18,	11.4,	0.55,	3.7,	150,	57,	1.5,	0.4,	0,	0,	0,	0.01,	0.11
1000,	10,	53,	11,	0.4,	0,	1,	2,	1,	0.01,	3,	19,	0.51,	1.1,	487,	1.9,	4.5,	2,	0.2,	1,	1,	1,	0.01,	1,	15,	9.4,	0.55,	3.0,	150,	57,	0.2,	0.3,	0,	0,	0,	0,	0.10
800,	6,	56,	12,	0.3,	0,	1,	1,	1,	0.01,	2,	15,	0.38,	0.8,	502,	1.5,	2.8,	2,	0.2,	1,	1,	1,	0.01,	1,	11,	7.4,	0.55,	2.3,	150,	57,	1.0,	0.3,	0,	0,	0,	0,	0.08
600,	3,	58,	12,	0.3,	0,	1,	1,	0,	0.01,	1,	12,	0.26,	0.6,	517,	1.1,	1.5,	2,	0.2,	1,	1,	1,	0.01,	1,	8,	5.5,	0.55,	1.7,	150,	58,	0.7,	0.3,	0,	0,	0,	0,	0.06
400,	1,	60,	12,	0.2,	0,	0,	0,	0,	0.01,	0,	8,	0.15,	0.4,	532,	0.7,	0.7,	2,	0.2,	1,	1,	1,	0.01,	1,	4,	3.7,	0.55,	1.1,	150,	58,	0.5,	0.2,	0,	0,	0,	0,	0.04
200,	1,	63,	12,	0.1,	0,	0,	0,	0,	0.01,	0,	4,	0.03,	0.2,	547,	0.4,	0.2,	2,	0.2,	1,	1,	1,	0.01,	1,	0,	0,	0,	0,	0,	0,	0,	0,	0,	0,	0,	0,	0