400,	3,	3,	0.75,	0,	0,	0,	0.02
600,	5,	5,	0.75,	0,	0,	0,	0.03
800,	7,	6,	0.75,	0,	0,	0,	0.04
1000,	10,	8,	0.75,	0,	0,	0,	0.06
1200,	12,	10,	0.75,	0,	0,	0.01,	0.08
1400,	14,	11.3,	0.75,	0,	0,	0.01,	0.1
1600,	17,	13,	0.75,	0,	0.01,	0.01,	0.12	
1800,	20,	14.8,	0.7,	0,	0.01,	0.01,	0.14
2000,	22,	16.7,	0.7,	0,	0.01,	0.02,	0.16
2200,	25,	18.6,	0.7,	0.01,	0.01,	0.03,	0.17
2400,	28,	20.5,	0.7,	0.01,	0.01,	0.03,	0.19
2600,	31,	22.5,	0.7,	0.01,	0.01,	0.04,	0.2
2800,	34,	24.6,	0.65,	0.01,	0.02,	0.05,	0.22
3000,	37,	26.7,	0.65,	0.01,	0.03,	0.05,	0.24
3200,	41,	28.9,	0.65,	0.02,	0.03,	0.06,	0.25
3400,	44,	31.1,	0.65,	0.02,	0.04,	0.06,	0.27
3600,	48,	33.4,	0.65,	0.02,	0.04,	0.07,	0.29
3800,	52,	35.8,	0.6,	0.02,	0.04,	0.08,	0.31
4000,	56,	38.2,	0.6,	0.02,	0.05,	0.08,	0.33
4200,	60,	40.7,	0.6,	0.03,	0.06,	0.09,	0.35
4400,	64,	43.3,	0.6,	0.03,	0.06,	0.1,	0.37
4600,	68,	45.9,	0.6,	0.03,	0.07,	0.11,	0.39
4800,	73,	48.6,	0.6,	0.03,	0.07,	0.13,	0.41
5000,	78,	51.4,	0.6,	0.04,	0.08,	0.14,	0.43
5200,	83,	54.3,	0.6,	0.04,	0.09,	0.15,	0.45
5400,	88,	57.3,	0.55,	0.04,	0.1,	0.17,	0.47
5600,	93,	60.3,	0.55,	0.04,	0.11,	0.18,	0.49
5800,	99,	63.4,	0.55,	0.04,	0.12,	0.2,	0.51
6000,	105,	66.5,	0.55,	0.05,	0.13,	0.22,	0.53
6200,	111,	69.7,	0.55,	0.05,	0.15,	0.24,	0.55
6400,	117,	73,	0.55,	0.05,	0.16,	0.26,	0.57
6600,	123,	76.3,	0.5,	0.05,	0.18,	0.28,	0.59
6800,	130,	79.7,	0.5,	0.05,	0.2,	0.3,	0.61
7000,	137,	83.1,	0.5,	0.06,	0.22,	0.32,	0.63
7200,	144,	86.5,	0.5,	0.06,	0.23,	0.34,	0.65
7400,	151,	90,	0.5,	0.07,	0.25,	0.37,	0.67
7600,	159,	93.6,	0.45,	0.08,	0.26,	0.4,	0.69
7800,	167,	97.2,	0.45,	0.09,	0.28,	0.43,	0.71
8000,	175,	100.8,	0.45,	0.1,	0.29,	0.46,	0.73
8200,	183,	104.5,	0.45,	0.12,	0.3,	0.49,	0.75
8400,	191,	108.2,	0.45,	0.13,	0.33,	0.52,	0.77
8600,	200,	112,	0.45,	0.14,	0.34,	0.56,	0.79
8800,	208,	115.8,	0.45,	0.16,	0.35,	0.59,	0.81
9000,	217,	119.7,	0.45,	0.18,	0.36,	0.63,	0.83
9200,	226,	123.6,	0.45,	0.2,	0.37,	0.66,	0.85
9400,	236,	127.6,	0.45,	0.22,	0.39,	0.7,	0.86
9600,	245,	131.6,	0.45,	0.24,	0.4,	0.74,	0.88
9800,	255,	135.7,	0.4,	0.26,	0.41,	0.78,	0.9
10000,	265,	139.9,	0.4,	0.28,	0.42,	0.82,	0.92
10200,	276,	144.2,	0.4,	0.31,	0.44,	0.86,	0.94
10400,	286,	148.5,	0.4,	0.33,	0.45,	0.9,	0.95
10600,	297,	152.9,	0.4,	0.36,	0.46,	0.94,	0.97
10800,	308,	157.4,	0.4,	0.39,	0.47,	0.99,	0.99
11000,	320,	161.9,	0.4,	0.42,	0.49,	1.04,	1.01
11200,	331,	166.5,	0.4,	0.44,	0.5,	1.08,	1.03
11400,	343,	171.2,	0.4,	0.48,	0.52,	1.13,	1.05
11600,	356,	176,	0.4,	0.51,	0.53,	1.18,	1.07
11800,	368,	180.9,	0.4,	0.54,	0.54,	1.23,	1.09
12000,	381,	185.9,	0.4,	0.57,	0.56,	1.28,	1.11
12200,	395,	191.1,	0.4,	0.61,	0.58,	1.33,	1.13
12400,	409,	196.4,	0.4,	0.64,	0.59,	1.38,	1.15
12600,	423,	201.9,	0.35,	0.68,	0.61,	1.44,	1.18
12800,	438,	207.6,	0.35,	0.72,	0.63,	1.5,	1.2
13000,	454,	213.4,	0.35,	0.75,	0.65,	1.56,	1.23
13200,	470,	219.5,	0.35,	0.79,	0.67,	1.63,	1.25
13400,	488,	225.8,	0.35,	0.83,	0.69,	1.7,	1.27
13600,	506,	232.5,	0.35,	0.88,	0.71,	1.77,	1.3
13800,	525,	239.5,	0.35,	0.92,	0.73,	1.85,	1.33
14000,	546,	247,	0.35,	0.97,	0.76,	1.93,	1.37
14200,	569,	255.1,	0.35,	1.01,	0.79,	2.02,	1.42
14400,	595,	264.2,	0.35,	1.06,	0.83,	2.12,	1.48
14600,	625,	274.2,	0.35,	1.12,	0.89,	2.22,	1.55
14800,	664,	287.8,	0.35,	1.18,	0.98,	2.32,	1.63
15000,	741,	313,	0.35,	1.27,	1,	2.42,	1.72
15200,	750,	315,	0.35,	1.29,	1,	2.44,	1.73