400,	0,	3.7,	0.55,	0,	0,	0,	0.04
600,	3,	5.5,	0.55,	0,	0,	0,	0.06
800,	6,	7.4,	0.55,	0,	0,	0,	0.08
1000,	9,	9.4,	0.55,	0,	0,	0,	0.1
1200,	13,	11.4,	0.55,	0,	0,	0.01,	0.11
1400,	17,	13.5,	0.55,	0,	0.01,	0.01,	0.13
1600,	21,	15.6,	0.55,	0.01,	0.01,	0.02,	0.15
1800,	25,	17.8,	0.55,	0.01,	0.01,	0.02,	0.17
2000,	29,	20.1,	0.55,	0.01,	0.01,	0.02,	0.19
2200,	33,	22.4,	0.55,	0.01,	0.02,	0.02,	0.21
2400,	38,	24.8,	0.55,	0.01,	0.02,	0.03,	0.23
2600,	43,	27.3,	0.5,	0.02,	0.02,	0.04,	0.26
2800,	48,	29.9,	0.5,	0.02,	0.03,	0.05,	0.28
3000,	53,	32.5,	0.5,	0.02,	0.03,	0.06,	0.3
3200,	58,	35.2,	0.5,	0.02,	0.04,	0.07,	0.32
3400,	64,	38,	0.5,	0.03,	0.05,	0.08,	0.35
3600,	70,	40.9,	0.5,	0.03,	0.05,	0.1,	0.37
3800,	76,	43.8,	0.5,	0.03,	0.06,	0.11,	0.39
4000,	82,	46.8,	0.5,	0.03,	0.07,	0.12,	0.41
4200,	89,	49.9,	0.45,	0.03,	0.08,	0.14,	0.44
4400,	96,	53.1,	0.45,	0.03,	0.09,	0.15,	0.46
4600,	103,	56.4,	0.45,	0.04,	0.11,	0.17,	0.48
4800,	110,	59.7,	0.45,	0.04,	0.12,	0.19,	0.5
5000,	118,	63,	0.45,	0.05,	0.13,	0.21,	0.52
5200,	125,	66.4,	0.45,	0.06,	0.14,	0.23,	0.54
5400,	133,	69.8,	0.45,	0.07,	0.15,	0.26,	0.56
5600,	142,	73.2,	0.45,	0.08,	0.16,	0.28,	0.58
5800,	150,	76.7,	0.45,	0.1,	0.17,	0.31,	0.6
6000,	159,	80.3,	0.4,	0.12,	0.18,	0.34,	0.62
6200,	168,	83.9,	0.4,	0.14,	0.19,	0.37,	0.64
6400,	177,	87.6,	0.4,	0.16,	0.2,	0.4,	0.66
6600,	186,	91.3,	0.4,	0.18,	0.21,	0.44,	0.67
6800,	195,	95.1,	0.4,	0.2,	0.22,	0.47,	0.69
7000,	205,	99,	0.4,	0.23,	0.23,	0.51,	0.71
7200,	215,	102.9,	0.4,	0.26,	0.24,	0.55,	0.72
7400,	225,	106.8,	0.4,	0.28,	0.25,	0.59,	0.74
7600,	236,	110.8,	0.4,	0.31,	0.26,	0.63,	0.76
7800,	247,	114.9,	0.4,	0.34,	0.27,	0.67,	0.78
8000,	258,	119,	0.4,	0.38,	0.28,	0.71,	0.8
8200,	269,	123.2,	0.4,	0.41,	0.29,	0.75,	0.81
8400,	280,	127.5,	0.4,	0.45,	0.3,	0.8,	0.83
8600,	292,	131.9,	0.35,	0.48,	0.31,	0.85,	0.85
8800,	304,	136.4,	0.35,	0.52,	0.32,	0.9,	0.87
9000,	317,	140.9,	0.35,	0.56,	0.33,	0.95,	0.89
9200,	330,	145.5,	0.35,	0.6,	0.34,	1,	0.9
9400,	343,	150.3,	0.35,	0.64,	0.35,	1.05,	0.92
9600,	357,	155.2,	0.35,	0.68,	0.36,	1.1,	0.94
9800,	371,	160.2,	0.35,	0.72,	0.38,	1.16,	0.96
10000,	385,	165.4,	0.35,	0.76,	0.39,	1.21,	0.98
10200,	400,	170.7,	0.35,	0.81,	0.4,	1.27,	1
10400,	416,	176.1,	0.35,	0.86,	0.42,	1.33,	1.02
10600,	432,	181.7,	0.35,	0.9,	0.43,	1.39,	1.04
10800,	449,	187.6,	0.35,	0.95,	0.44,	1.45,	1.06
11000,	467,	193.7,	0.35,	1,	0.46,	1.51,	1.09
11200,	486,	200.1,	0.35,	1.05,	0.48,	1.57,	1.12
11400,	507,	206.9,	0.35,	1.1,	0.5,	1.64,	1.15
11600,	529,	214.2,	0.35,	1.15,	0.52,	1.71,	1.18
11800,	553,	222.1,	0.35,	1.2,	0.57,	1.79,	1.21
12000,	580,	230.7,	0.35,	1.26,	0.6,	1.88,	1.25
12200,	611,	240.7,	0.3,	1.32,	0.63,	1.98,	1.3
12400,	651,	253,	0.3,	1.39,	0.7,	2.1,	1.36
12600,	750,	282.6,	0.3,	1.48,	0.7,	2.32,	1.48