15102,	745,	54
15000,	684,	51
14800,	638,	47
14600,	606,	45
14400,	580,	44
14200,	557,	43
14000,	536,	42
13800,	517,	41
13600,	499,	40
13400,	482,	38
13200,	466,	37
13000,	451,	36
12800,	436,	35
12600,	422,	35
12400,	408,	34
12200,	394,	33
12000,	381,	32
11800,	369,	31
11600,	356,	30
11400,	344,	29
11200,	332,	28
11000,	321,	27
10800,	310,	26
10600,	299,	26
10400,	288,	26
10200,	278,	25
10000,	268,	24
9800,	258,	23
9600,	248,	22
9400,	239,	21
9200,	230,	21
9000,	221,	20
8800,	212,	19
8600,	203,	18
8400,	194,	18
8200,	186,	18
8000,	178,	17
7800,	170,	16
7600,	162,	16
7400,	155,	15
7200,	148,	14
7000,	141,	14
6800,	134,	13
6600,	127,	13
6400,	120,	12
6200,	114,	11
6000,	108,	11
0,	0,	0