12812,	744,	48
12800,	719,	47
12600,	650,	44
12400,	612,	42
12200,	582,	40
12000,	557,	39
11800,	534,	37
11600,	514,	36
11400,	494,	35
11200,	476,	34
11000,	459,	33
10800,	443,	32
10600,	427,	31
10400,	412,	30
10200,	398,	29
10000,	384,	28
9800,	370,	27
9600,	357,	26
9400,	344,	26
9200,	332,	25
9000,	320,	24
8800,	308,	23
8600,	296,	22
8400,	285,	22
8200,	274,	21
8000,	263,	20
7800,	252,	19
7600,	242,	18
7400,	232,	18
7200,	222,	17
7000,	212,	17
6800,	203,	16
6600,	194,	16
6400,	184,	15
6200,	175,	14
6000,	167,	13
5800,	158,	13
5600,	150,	13
5400,	142,	12
5200,	134,	11
5000,	126,	11
,,