200,	3,	0,	0,	0,	0,	0,	0	
400,	7,	0,	0,	0,	0,	0,	0
600,	11,	0,	0,	0,	0,	0,	0
800,	15,	0,	0,	0,	0,	0,	0
1000,	20,	11,	0,	0,	0,	0,	0.1
1200,	25,	13,	0.5,	0,	0.01,	0,	0.1
1400,	30,	16,	0.5,	0,	0.01,	0,	0.2
1600,	35,	19,	0.5,	0,	0.01,	0,	0.2
1800,	41,	21,	0.5,	0,	0.01,	0,	0.2
2000,	47,	24,	0.5,	0,	0.02,	0,	0.2
2200,	53,	27,	0.4,	0,	0.02,	0.1,	0.2
2400,	59,	30,	0.4,	0,	0.03,	0.1,	0.3
2600,	65,	33,	0.4,	0,	0.03,	0.1,	0.3
2800,	72,	36,	0.4,	0,	0.04,	0.1,	0.3
3000,	79,	39,	0.4,	0,	0.05,	0.1,	0.3
3200,	86,	42,	0.4,	0,	0.06,	0.1,	0.4
3400,	94,	45,	0.4,	0,	0.06,	0.1,	0.4
3600,	102,	48,	0.4,	0,	0.07,	0.1,	0.4
3800,	110,	51,	0.4,	0,	0.08,	0.1,	0.4
4000,	118,	55,	0.4,	0.1,	0.09,	0.2,	0.4
4200,	126,	58,	0.4,	0.1,	0.1,	0.2,	0.5
4400,	135,	61,	0.4,	0.1,	0.11,	0.2,	0.5
4600,	144,	65,	0.4,	0.1,	0.11,	0.2,	0.5
4800,	153,	68,	0.4,	0.1,	0.12,	0.3,	0.5
5000,	162,	72,	0.4,	0.1,	0.13,	0.3,	0.5	
5200,	171,	75,	0.4,	0.2,	0.13,	0.4,	0.6
5400,	181,	79,	0.4,	0.2,	0.14,	0.4,	0.6
5600,	190,	82,	0.4,	0.2,	0.15,	0.4,	0.6
5800,	200,	86,	0.3,	0.2,	0.16,	0.5,	0.6
6000,	211,	90,	0.3,	0.3,	0.16,	0.5,	0.6
6200,	221,	94,	0.3,	0.3,	0.17,	0.5,	0.6
6400,	232,	97,	0.3,	0.4,	0.18,	0.6,	0.7
6600,	243,	101,	0.3,	0.4,	0.18,	0.6,	0.7
6800,	254,	105,	0.3,	0.4,	0.19,	0.6,	0.7
7000,	265,	109,	0.3,	0.5,	0.2,	0.7,	0.7
7200,	277,	113,	0.3,	0.5,	0.21,	0.7,	0.7
7400,	288,	117,	0.3,	0.5,	0.21,	0.8,	0.7
7600,	301,	121,	0.3,	0.6,	0.22,	0.8,	0.8
7800,	313,	126,	0.3,	0.6,	0.23,	0.8,	0.8
8000,	326,	130,	0.3,	0.7,	0.24,	0.9,	0.8
8200,	339,	134,	0.3,	0.7,	0.25,	0.9,	0.8
8400,	352,	139,	0.3,	0.8,	0.26,	1,	0.8
8600,	366,	144,	0.3,	0.8,	0.27,	1,	0.8
8800,	380,	148,	0.3,	0.8,	0.28,	1.1,	0.9
9000,	395,	153,	0.3,	0.9,	0.29,	1.1,	0.9
9200,	411,	158,	0.3,	0.9,	0.3,	1.1,	0.9
9400,	427,	163,	0.3,	1,	0.31,	1.2,	0.9
9600,	444,	169,	0.3,	1,	0.32,	1.3,	0.9
9800,	461,	174,	0.3,	1.1,	0.33,	1.3,	0.9
10000,	480,	180,	0.3,	1.1,	0.35,	1.4,	1
10200,	500,	186,	0.3,	1.2,	0.36,	1.4,	1
10400,	521,	193,	0.3,	1.2,	0.38,	1.5,	1.1
10600,	544,	200,	0.3,	1.3,	0.4,	1.6,	1.1
10800,	570,	208,	0.3,	1.3,	0.42,	1.6,	1.1
11000,	601,	217,	0.3,	1.4,	0.44,	1.7,	1.2
11200,	639,	227,	0.3,	1.5,	0.47,	1.8,	1.3
11400,	701,	245,	0.3,	1.6,	0.52,	2,	1.4	