200,	1,	0,	0.6,	0,	0,	0,	0
400,	4,	0,	0.6,	0,	0,	0,	0
600,	7,	0,	0.6,	0,	0,	0,	0
800,	11,	0,	0.6,	0,	0,	0,	0	
1000,	14,	0,	0.6,	0,	0,	0,	0.1
1200,	18,	12,	0.5,	0,	0.01,	0,	0.1
1400,	22,	14,	0.5,	0,	0.01,	0,	0.1
1600,	26,	16,	0.5,	0,	0.01,	0,	0.2
1800,	30,	18,	0.5,	0,	0.01,	0,	0.2
2000,	34,	21,	0.5,	0,	0.01,	0,	0.2
2200,	39,	23,	0.5,	0,	0.02,	0,	0.2
2400,	43,	26,	0.5,	0,	0.02,	0,	0.2
2600,	48,	28,	0.5,	0,	0.03,	0,	0.3
2800,	53,	31,	0.5,	0,	0.03,	0.1,	0.3
3000,	59,	34,	0.5,	0,	0.04,	0.1,	0.3
3200,	64,	36,	0.5,	0,	0.04,	0.1,	0.3
3400,	70,	39,	0.5,	0,	0.05,	0.1,	0.3
3600,	76,	42,	0.5,	0,	0.06,	0.1,	0.4
3800,	82,	45,	0.5,	0,	0.07,	0.1,	0.4
4000,	89,	48,	0.4,	0,	0.08,	0.1,	0.4
4200,	95,	51,	0.4,	0,	0.09,	0.1,	0.4
4400,	102,	55,	0.4,	0,	0.1,	0.2,	0.5
4600,	110,	58,	0.4,	0,	0.11,	0.2,	0.5
4800,	117,	61,	0.4,	0,	0.12,	0.2,	0.5
5000,	125,	64,	0.4,	0,	0.13,	0.2,	0.5
5200,	132,	68,	0.4,	0.01,	0.15,	0.2,	0.5
5400,	140,	71,	0.4,	0.01,	0.16,	0.3,	0.6
5600,	149,	74,	0.4,	0.01,	0.16,	0.3,	0.6
5800,	157,	78,	0.4,	0.01,	0.17,	0.3,	0.6
6000,	166,	81,	0.4,	0.01,	0.18,	0.3,	0.6
6200,	174,	85,	0.4,	0.01,	0.19,	0.4,	0.6
6400,	183,	88,	0.4,	0.01,	0.2,	0.4,	0.6
6600,	193,	92,	0.4,	0.01,	0.21,	0.4,	0.7
6800,	202,	96,	0.4,	0.02,	0.22,	0.5,	0.7
7000,	212,	99,	0.4,	0.02,	0.23,	0.5,	0.7
7200,	221,	103,	0.4,	0.03,	0.23,	0.5,	0.7
7400,	231,	107,	0.4,	0.03,	0.24,	0.6,	0.7
7600,	242,	111,	0.4,	0.03,	0.25,	0.6,	0.7
7800,	252,	115,	0.4,	0.03,	0.26,	0.6,	0.8
8000,	263,	119,	0.4,	0.04,	0.27,	0.7,	0.8
8200,	274,	123,	0.3,	0.04,	0.28,	0.7,	0.8
8400,	285,	127,	0.3,	0.04,	0.29,	0.8,	0.8
8600,	296,	131,	0.3,	0.05,	0.3,	0.8,	0.8	
8800,	308,	135,	0.3,	0.05,	0.31,	0.8,	0.8	
9000,	320,	139,	0.3,	0.05,	0.32,	0.9,	0.9
9200,	332,	144,	0.3,	0.06,	0.33,	0.9,	0.9
9400,	345,	148,	0.3,	0.06,	0.34,	1,	0.9
9600,	358,	153,	0.3,	0.06,	0.35,	1,	0.9
9800,	371,	157,	0.3,	0.07,	0.36,	1.1,	0.9
10000,	385,	162,	0.3,	0.07,	0.37,	1.1,	1
10200,	399,	167,	0.3,	0.08,	0.38,	1.2,	1
10400,	414,	172,	0.3,	0.08,	0.41,	1.2,	1
10600,	429,	177,	0.3,	0.08,	0.42,	1.3,	1
10800,	445,	182,	0.3,	0.09,	0.43,	1.3,	1
11000,	462,	188,	0.3,	0.09,	0.45,	1.4,	1
11200,	479,	194,	0.3,	1,	0.47,	1.4,	1.1
11400,	498,	200,	0.3,	1,	0.48,	1.5,	1.1
11600,	518,	206,	0.3,	1.1,	0.51,	1.6,	1.1
11800,	540,	213,	0.3,	1.1,	0.53,	1.6,	1.2
12000,	563,	221,	0.3,	1.2,	0.55,	1.7,	1.2
12200,	591,	229,	0.3,	1.2,	0.58,	1.8,	1.2
12400,	623,	239,	0.3,	1.2,	0.63,	1.9,	1.3
12600,	667,	252,	0.3,	1.2,	0.7,	2,	1.3	