200,	9,	0,	0.3,	0,	0,	0,	0	
400,	18,	0,	0.3,	0,	0,	0,	0
600,	27,	0,	0.3,	0,	0,	0,	0
800,	36,	0,	0.3,	0,	0,	0,	0
1000,	45,	16,	0.3,	0.1,	0,	0,	0
1200,	55,	19,	0.3,	0.1,	0.01,	0,	01
1400,	64,	22,	0.3,	0.1,	0.01,	0.1,	0.2
1600,	74,	26,	0.3,	0.2,	0.01,	0.1,	0.2
1800,	84,	29,	0.3,	0.2,	0.01,	0.1,	0.2
2000,	95,	32,	0.3,	0.2,	0.01,	0.1,	0.2
2200,	105,	36,	0.3,	0.3,	0.01,	0.2,	0.3
2400,	116,	39,	0.3,	0.3,	0.01,	0.2,	0.3
2600,	127,	43,	0.3,	0.3,	0.02,	0.2,	0.3
2800,	138,	47,	0.3,	0.4,	0.02,	0.2,	0.3
3000,	149,	50,	0.3,	0.4,	0.02,	0.3,	0.3
3200,	160,	54,	0.3,	0.5,	0.03,	0.3,	0.4
3400,	172,	58,	0.3,	0.5,	0.03,	0.3,	0.4
3600,	184,	61,	0.3,	0.5,	0.03,	0.3,	0.4
3800,	196,	65,	0.3,	0.6,	0.04,	0.4,	0.4
4000,	209,	69,	0.3,	0.6,	0.04,	0.4,	0.5
4200,	222,	73,	0.3,	0.7,	0.05,	0.4,	0.5
4400,	235,	77,	0.3,	0.7,	0.05,	0.5,	0.5
4600,	248,	81,	0.3,	0.7,	0.05,	0.5,	0.5
4800,	262,	85,	0.3,	0.8,	0.06,	0.5,	0.5
5000,	276,	89,	0.3,	0.8,	0.06,	0.5,	0.6
5200,	290,	94,	0.3,	0.9,	0.07,	0.6,	0.6
5400,	305,	98,	0.3,	0.9,	0.07,	0.6,	0.6
5600,	321,	103,	0.3,	0.9,	0.08,	0.6,	0.6
5800,	337,	107,	0.3,	1,	0.08,	0.7,	0.6
6000,	354,	112,	0.3,	1,	0.09,	0.7,	0.6
6200,	371,	117,	0.3,	1.1,	0.1,	0.8,	0.7
6400,	389,	122,	0.3,	1.1,	0.1,	0.8,	0.7
6600,	408,	128,	0.3,	1.2,	0.11,	0.8,	0.7
6800,	428,	133,	0.3,	1.2,	0.12,	0.9,	0.8
7000,	450,	139,	0.3,	1.2,	0.12,	0.9,	0.8
7200,	473,	145,	0.3,	1.3,	0.13,	0.9,	0.9
7400,	498,	152,	0.3,	1.3,	0.14,	1,	0.9
7600,	526,	159,	0.3,	1.4,	0.15,	1,	0.9
7800,	559,	167,	0.3,	1.4,	0.17,	1.1,	1