0,	0,	0,	0,	0,	0,	0,	0
200	,1	,0	,0.7	,0	,0	,0	,0	
400	,3	,0	,0.7	,0	,0	,0	,0
600	,5	,0	,0.7	,0	,0	,0	,0
800	,7	,0	,0.7	,0	,0	,0	,0
1000	,9	,0	,0.7	,0	,0	,0	,0
1200	,12	,10	,0.7	,0	,0	,0	,0
1400	,14	,12	,0.7	,0	,0.01	,0	,0
1600	,17	,14	,0.7	,0	,0.01	,0	,0.01
1800	,19	,16	,0.7	,0	,0.01	,0	,0.01
2000	,22	,17	,0.7	,0	,0.01	,0	,0.01
2200	,25	,19	,0.7	,0	,0.01	,0	,0.02
2400	,28	,22	,0.7	,0	,0.01	,0	,0.02
2600	,31	,24	,0.6	,0	,0.02	,0	,0.02
2800	,34	,26	,0.6	,0	,0.02	,0	,0.02
3000	,38	,28	,0.6	,0	,0.02	,0	,0.02
3200	,41	,30	,0.6	,0	,0.03	,0.01	,0.03
3400	,45	,33	,0.6	,0	,0.03	,0.01	,0.03	
3600	,49	,35	,0.6	,0	,0.03	,0.01	,0.03
3800	,53	,38	,0.6	,0	,0.04	,0.01	,0.03
4000	,57	,40	,0.6	,0	,0.04	,0.01	,0.03
4200	,61	,43	,0.6	,0	,0.05	,0.01	,0.04
4400	,65	,46	,0.6	,0	,0.06	,0.01	,0.04
4600	,70	,48	,0.6	,0	,0.06	,0.01	,0.04
4800	,75	,51	,0.6	,0	,0.07	,0.01	,0.04
5000	,80	,54	,0.6	,0	,0.08	,0.02	,0.05
5200	,85	,57	,0.5	,0	,0.09	,0.02	,0.05
5400	,90	,60	,0.5	,0	,0.1	,0.02	,0.05
5600	,96	,63	,0.5	,0	,0.11	,0.02	,0.05
5800	,102	,66	,0.5	,0	,0.12	,0.02	,0.05
6000	,108	,70	,0.5	,0	,0.14	,0.02	,0.06
6200	,114	,73	,0.5	,0	,0.15	,0.03	,0.06
6400	,121	,76	,0.5	,0	,0.17	,0.03	,0.06
6600	,127	,79	,0.5	,0	,0.18	,0.03	,0.06
6800	,134	,83	,0.5	,0.01	,0.2	,0.03	,0.06
7000	,141	,86	,0.5	,0.01	,0.21	,0.03	,0.06
7200	,148	,89	,0.4	,0.01	,0.23	,0.04	,0.07
7400	,156	,93	,0.4	,0.01	,0.24	,0.04	,0.07
7600	,163	,96	,0.4	,0.01	,0.26	,0.04	,0.07
7800	,171	,100	,0.4	,0.01	,0.27	,0.05	,0.07
8000	,179	,103	,0.4	,0.01	,0.28	,0.05	,0.07
8200	,187	,107	,0.4	,0.01	,0.3	,0.05	,0.07
8400	,196	,110	,0.4	,0.01	,0.31	,0.05	,0.08
8600	,204	,114	,0.4	,0.02	,0.32	,0.06	,0.08
8800	,213	,118	,0.4	,0.02	,0.33	,0.06	,0.08
9000	,222	,122	,0.4	,0.02	,0.34	,0.06	,0.08
9200	,231	,125	,0.4	,0.02	,0.35	,0.07	,0.08
9400	,240	,129	,0.4	,0.02	,0.37	,0.07	,0.08
9600	,250	,133	,0.4	,0.02	,0.38	,0.07	,0.08
9800	,259	,137	,0.4	,0.03	,0.39	,0.08	,0.09
10000	,269	,141	,0.4	,0.03	,0.4	,0.08	,0.09
10200	,279	,145	,0.4	,0.03	,0.41	,0.09	,0.09
10400	,290	,149	,0.4	,0.03	,0.42	,0.09	,0.09
10600	,300	,153	,0.4	,0.04	,0.43	,0.09	,0.09
10800	,311	,157	,0.4	,0.04	,0.44	,1	,0.09
11000	,322	,161	,0.4	,0.04	,0.45	,1	,1
11200	,334	,165	,0.4	,0.04	,0.46	,1	,1
11400	,345	,170	,0.4	,0.05	,0.48	,1.1	,1
11600	,357	,174	,0.3	,0.05	,0.49	,1.1	,1
11800	,370	,179	,0.3	,0.05	,0.5	,1.2	,1
12000	,382	,183	,0.3	,0.05	,0.51	,1.2	,1
12200	,395	,188	,0.3	,0.06	,0.53	,1.3	,1.1
12400	,409	,193	,0.3	,0.06	,0.54	,1.3	,1.1
12600	,423	,198	,0.3	,0.06	,0.56	,1.4	,1.1
12800	,437	,203	,0.3	,0.07	,0.57	,1.4	,1.1
13000	,452	,208	,0.3	,0.07	,0.59	,1.5	,1.2
13200	,468	,214	,0.3	,0.07	,0.61	,1.5	,1.2
13400	,484	,219	,0.3	,0.08	,0.63	,1.6	,1.2
13600	,502	,225	,0.3	,0.08	,0.65	,1.6	,1.2
13800	,520	,232	,0.3	,0.09	,0.67	,1.7	,1.2
14000	,540	,239	,0.3	,0.09	,0.69	,1.8	,1.3
14200	,562	,246	,0.3	,0.09	,0.71	,1.8	,1.3
14400	,587	,254	,0.3	,1	,0.73	,1.9	,1.3
14600	,615	,263	,0.3	,1	,0.76	,2	,1.4
14800	,651	,275	,0.3	,1.1	,0.81	,2.1	,1.4		