200,	4,	0,	0.4,	0,	0,	0,	0
400,	10,	0,	0.4,	0,	0,	0,	0
600,	17,	0,	0.4,	0,	0,	0,	0
800,	23,	0,	0.4,	0,	0,	0,	0.1
1000,	29,	13,	0.4,	0,	0,	0,	0.2
1200,	36,	16,	0.4,	0,	0.01,	0,	0.2
1400,	43,	19,	0.4,	0,	0.01,	0,	0.2
1600,	51,	22,	0.4,	0,	0.01,	0,	0.2
1800,	58,	25,	0.4,	0,	0.02,	0,	0.2
2000,	66,	28,	0.4,	0,	0.02,	0,	0.3
2200,	74,	31,	0.4,	0,	0.03,	0.1,	0.3
2400,	83,	34,	0.4,	0.1,	0.03,	0.1,	0.3
2600,	92,	38,	0.4,	0.1,	0.04,	0.1,	0.3
2800,	100,	41,	0.4,	0.1,	0.04,	0.1,	0.3
3000,	109,	44,	0.3,	0.1,	0.05,	0.1,	0.4
3200,	119,	48,	0.3,	0.1,	0.05,	0.1,	0.4
3400,	128,	51,	0.3,	0.1,	0.06,	0.2,	0.4
3600,	138,	55,	0.3,	0.2,	0.06,	0.2,	0.4
3800,	148,	58,	0.3,	0.2,	0.07,	0.3,	0.4
4000,	158,	62,	0.3,	0.2,	0.07,	0.3,	0.4
4200,	168,	65,	0.3,	0.3,	0.08,	0.3,	0.5	
4400,	178,	69,	0.3,	0.3,	0.08,	0.3,	0.5
4600,	189,	73,	0.3,	0.3,	0.09,	0.4,	0.5
4800,	200,	76,	0.3,	0.4,	0.09,	0.4,	0.5
5000,	211,	80,	0.3,	0.4,	0.1,	0.5,	0.5
5200,	222,	84,	0.3,	0.5,	0.11,	0.5,	0.5
5400,	234,	88,	0.3,	0.5,	0.11,	0.5,	0.6
5600,	246,	92,	0.3,	0.5,	0.12,	0.6,	0.6
5800,	258,	96,	0.3,	0.6,	0.12,	0.6,	0.6
6000,	270,	100,	0.3,	0.6,	0.13,	0.6,	0.6
6200,	283,	104,	0.3,	0.7,	0.14,	0.7,	0.6
6400,	296,	108,	0.3,	0.7,	0.14,	0.7,	0.6
6600,	309,	112,	0.3,	0.8,	0.15,	0.8,	0.7
6800,	323,	117,	0.3,	0.8,	0.16,	0.8,	0.7
7000,	337,	121,	0.3,	0.9,	0.16,	0.9,	0.7
7200,	351,	126,	0.3,	0.9,	0.17,	0.9,	0.7
7400,	366,	130,	0.3,	1,	0.18,	1,	0.7
7600,	382,	135,	0.3,	1,	0.19,	1,	0.8
7800,	398,	140,	0.3,	1.1,	0.2,	1.1,	0.8
8000,	414,	145,	0.3,	1.1,	0.21,	1.1,	0.8
8200,	432,	151,	0.3,	1.2,	0.22,	1.2,	0.8
8400,	450,	156,	0.3,	1.2,	0.23,	1.2,	0.8
8600,	470,	162,	0.3,	1.3,	0.24,	1.3,	0.9
8800,	490,	168,	0.3,	1.3,	0.25,	1.3,	0.9
9000,	513,	174,	0.3,	1.4,	0.27,	1.4,	0.9
9200,	537,	181,	0.3,	1.4,	0.28,	1.5,	1
9400,	564,	189,	0.3,	1.5,	0.3,	1.5,	1
9600,	596,	198,	0.3,	1.6,	0.31,	1.6,	1
9800,	637,	209,	0.3,	1.6,	0.34,	1.7,	1
10000,	710,	228,	0.3,	1.7,	0.38,	1.9,	1		