20127,	833,	1,	75,	9,	15.9,	3.3,	16,	496,	252,	160,	111,	-20,	8,	40
20000,	763,	3.4,	70,	8,	47,	10.8,	15,	477,	260,	155,	118,	-14,	8,	40
19800,	726,	5.8,	67,	8,	40,	9.8,	14,	462,	263,	152,	123,	-10,	8,	40
19600,	698,	7.4,	66,	7,	38,	9.6,	14,	449,	264,	149,	126,	-7,	8,	40
19400,	676,	8.6,	65,	7,	36.5,	9.5,	14,	437,	264,	147,	129,	-4,	8,	40
19200,	655,	9.6,	64,	7,	35.4,	9.4,	13,	426,	263,	145,	132,	-2,	4,	40
19000,	637,	10,	63,	7,	34.4,	9.3,	13,	415,	261,	143,	134,	1,	4,	40
18800,	619,	11,	62,	6,	33.4,	9.2,	13,	405,	259,	141,	136,	3,	4,	40
18600,	603,	12,	61,	6,	32.4,	9.1,	13,	395,	257,	139,	138,	6,	4,	40
18400,	588,	13,	61,	6,	31.5,	9,	13,	385,	255,	137,	140,	8,	4,	40
18200,	574,	14,	60,	6,	30.6,	8.9,	12,	375,	252,	135,	142,	11,	4,	40
18000,	560,	14,	60,	6,	29.8,	8.8,	12,	366,	249,	133,	143,	13,	4,	40
17800,	547,	15,	59,	5,	29.1,	8.7,	12,	357,	246,	131,	145,	16,	4,	40
17600,	536,	15,	59,	5,	28.5,	8.7,	12,	348,	243,	129,	146,	18,	4,	40
17400,	522,	16,	58,	5,	27.9,	8.6,	12,	339,	240,	127,	148,	20,	4,	40
17200,	510,	16,	58,	5,	27,	8.6,	12,	331,	237,	125,	149,	22,	4,	40
17000,	499,	17,	58,	5,	26.9,	8.6,	12,	322,	234,	124,	151,	24,	4,	40
16800,	487,	17,	57,	5,	25.4,	8.7,	11,	314,	231,	122,	152,	27,	4,	40
16600,	476,	18,	57,	5,	25.9,	8.8,	11,	305,	227,	120,	154,	29,	4,	40
16400,	466,	18,	57,	4,	25.5,	8.8,	11,	297,	223,	118,	155,	32,	4,	40
16200,	456,	19,	56,	4,	25,	8.9,	11,	288,	219,	116,	157,	34,	4,	40
16000,	446,	19,	56,	4,	24.6,	8.9,	11,	280,	215,	115,	158,	37,	4,	40
15800,	436,	20,	56,	4,	24.1,	9,	11,	272,	211,	113,	160,	40,	4,	40
15600,	426,	20,	56,	4,	23.7,	9.1,	11,	264,	207,	111,	161,	43,	4,	30
15400,	417,	20,	55,	4,	23.3,	9.1,	10,	256,	203,	109,	162,	46,	4,	30
15200,	407,	21,	55,	4,	22.9,	9.2,	10,	248,	200,	107,	163,	49,	4,	30
15000,	398,	21,	55,	4,	22.5,	9.2,	10,	241,	196,	106,	164,	52,	4,	30
14800,	389,	22,	55,	4,	22.1,	9.3,	10,	233,	192,	104,	166,	55,	4,	30
14600,	381,	22,	55,	4,	21.7,	9.3,	10,	226,	189,	102,	168,	58,	4,	24
14400,	372,	23,	54,	4,	21.3,	9.4,	10,	219,	185,	100,	169,	61,	4,	24
14200,	364,	23,	54,	3,	20.9,	9.4,	9,	212,	181,	99,	170,	64,	4,	24
14000,	356,	24,	54,	3,	20.5,	9.4,	9,	205,	177,	97,	171,	67,	4,	24
13800,	348,	24,	54,	3,	20.1,	9.5,	9,	198,	173,	95,	172,	70,	2,	20
13600,	340,	25,	54,	3,	19.7,	9.5,	9,	191,	169,	94,	174,	73,	2,	20
13400,	332,	25,	54,	3,	19.3,	9.5,	9,	185,	165,	92,	175,	76,	2,	20
13200,	325,	26,	53,	3,	18.9,	9.6,	9,	179,	161,	91,	177,	79,	2,	20
13000,	318,	27,	53,	3,	18.2,	9.6,	8,	173,	157,	89,	178,	82,	2,	16
12800,	311,	27,	53,	3,	18.1,	9.6,	8,	167,	153,	87,	179,	86,	2,	16
12600,	304,	28,	53,	3,	17.7,	9.6,	8,	161,	149,	86,	181,	89,	2,	16
12400,	297,	28,	53,	3,	17.4,	9.7,	8,	155,	145,	84,	183,	92,	2,	16
12200,	290,	29,	53,	3,	17,	9.7,	8,	149,	142,	83,	185,	95,	2,	16
12000,	284,	30,	53,	3,	16.7,	9.7,	8,	143,	138,	81,	187,	98,	2,	16
11800,	277,	30,	53,	3,	16,	9.6,	7,	137,	134,	79,	189,	102,	2,	12
11600,	271,	31,	53,	3,	16,	9.6,	7,	132,	130,	77,	192,	105,	2,	12
11400,	265,	32,	52,	3,	15.7,	9.6,	7,	127,	126,	75,	194,	108,	2,	12
11200,	259,	32,	52,	2,	15.4,	9.5,	7,	122,	122,	73,	197,	111,	2,	12
11000,	253,	33,	52,	2,	15.1,	9.5,	7,	117,	119,	72,	199,	114,	2,	12
10800,	247,	33,	52,	2,	14.8,	9.5,	7,	113,	115,	70,	202,	117,	2,	12
10600,	242,	34,	52,	2,	14.5,	9.5,	7,	108,	112,	69,	204,	120,	2,	12
10400,	236,	35,	52,	2,	14.2,	9.4,	6,	104,	108,	67,	207,	123,	2,	8
10200,	231,	35,	52,	2,	13.9,	9.4,	6,	99,	105,	66,	209,	126,	2,	8
10000,	226,	36,	52,	2,	13.6,	9.4,	6,	95,	101,	64,	212,	129,	2,	8
9800,	221,	37,	52,	2,	13.3,	9.4,	6,	91,	98,	62,	215,	132,	2,	8
9600,	216,	38,	52,	2,	13,	9.4,	6,	87,	94,	61,	218,	135,	2,	8
9400,	212,	39,	52,	2,	12.7,	9.3,	6,	83,	91,	59,	221,	138,	2,	8
9200,	207,	39,	52,	2,	12.4,	9.3,	5,	79,	88,	58,	224,	140,	2,	8
9000,	202,	40,	52,	2,	12.1,	9.3,	5,	76,	85,	56,	227,	144,	2,	8
8800,	198,	41,	52,	2,	11.8,	9.3,	5,	72,	82,	54,	230,	147,	2,	8
8600,	193,	42,	52,	2,	11.5,	9.3,	5,	69,	79,	53,	234,	150,	2,	8
8400,	189,	43,	52,	2,	11.2,	9.2,	5,	66,	76,	51,	237,	153,	2,	4
8200,	185,	44,	51,	2,	10.9,	9.2,	5,	63,	73,	50,	241,	156,	2,	4
8000,	181,	45,	51,	2,	10.6,	9.2,	5,	60,	71,	48,	244,	158,	2,	4
7800,	177,	46,	51,	2,	10.3,	9.1,	4,	57,	68,	47,	248,	161,	2,	4
7600,	173,	47,	51,	2,	10,	9.1,	4,	54,	66,	45,	251,	163,	2,	4
7400,	169,	48,	51,	2,	9.7,	9.1,	4,	51,	63,	44,	255,	166,	2,	4
7200,	165,	49,	51,	2,	9.4,	9,	4,	49,	61,	42,	258,	168,	2,	4
7000,	161,	50,	51,	2,	9.1,	9,	4,	46,	58,	41,	262,	171,	2,	4
6800,	158,	52,	51,	1,	8.8,	8.9,	4,	44,	56,	40,	266,	173,	2,	4
6600,	154,	53,	51,	1,	8.5,	8.9,	4,	41,	53,	38,	269,	176,	2,	2
6400,	151,	54,	51,	1,	8.3,	8.8,	4,	39,	51,	37,	273,	178,	2,	2
6200,	147,	55,	51,	1,	8,	8.8,	3,	36,	48,	35,	276,	181,	2,	2
6000,	144,	56,	51,	1,	7.8,	8.7,	3,	34,	46,	34,	280,	183,	2,	2
5800,	141,	57,	51,	1,	7.5,	8.6,	3,	32,	44,	33,	284,	185,	2,	2
5600,	137,	58,	51,	1,	7.3,	8.6,	3,	30,	42,	31,	287,	188,	2,	2
5400,	134,	60,	51,	1,	7.1,	8.5,	3,	28,	40,	30,	291,	190,	2,	2
5200,	131,	61,	51,	1,	6.9,	8.5,	3,	27,	38,	28,	294,	193,	2,	2
5000,	128,	62,	51,	1,	6.7,	8.4,	3,	25,	36,	27,	298,	195,	2,	2
4800,	125,	63,	50,	1,	6.5,	8.3,	2,	24,	34,	25,	302,	198,	2,	2
4600,	122,	64,	50,	1,	6.3,	8.3,	2,	22,	32,	24,	305,	200,	2,	2
4400,	120,	66,	50,	1,	6.1,	8.2,	2,	21,	30,	23,	309,	202,	2,	2
4200,	117,	67,	50,	1,	5.9,	8.2,	2,	19,	28,	22,	312,	204,	2,	2
4000,	114,	68,	50,	1,	5.7,	8.1,	2,	18,	27,	21,	316,	206,	2,	2
3800,	111,	69,	50,	1,	5.5,	8,	2,	16,	25,	20,	320,	209,	2,	2
3600,	109,	71,	50,	1,	5.4,	8,	2,	15,	23,	19,	323,	211,	2,	2
3400,	106,	72,	50,	1,	5.2,	7.9,	2,	14,	21,	18,	327,	213,	2,	2
3200,	104,	73,	50,	1,	5.1,	7.9,	2,	13,	20,	17,	330,	215,	2,	2
3000,	101,	74,	50,	1,	4.9,	7.8,	2,	12,	18,	16,	334,	217,	2,	2
2800,	99,	75,	50,	1,	4.8,	7.7,	1,	10,	16,	15,	338,	219,	2,	2
2600,	96,	76,	50,	1,	4.6,	7.6,	1,	9,	15,	14,	341,	221,	2,	2
2400,	94,	78,	50,	1,	4.5,	7.5,	1,	8,	13,	13,	345,	223,	2,	2
2200,	92,	79,	50,	1,	4.3,	7.4,	1,	7,	12,	12,	348,	225,	2,	2
2000,	89,	80,	50,	1,	4.2,	7.4,	1,	6,	10,	11,	352,	227,	2,	2
1800,	87,	81,	50,	1,	4.1,	7.3,	1,	5,	9,	10,	355,	229,	2,	2
1600,	85,	82,	50,	1,	4,	7.3,	1,	4,	7,	9,	358,	231,	2,	2