11840,	750,	1,	69,	8,	115,	26.5,	26,	445,	232,	104,	31,	-16,	8,	40
11841,	728,	1,	67,	8,	83.4,	20,	25,	437,	232,	103,	34,	-15,	8,	40
11800,	688,	2.1,	65,	7,	44.3,	11.1,	24,	421,	232,	101,	40,	-12,	4,	40
11600,	619,	4.4,	62,	6,	35.2,	9.5,	22,	390,	229,	97,	49,	-8,	4,	40
11400,	578,	5.8,	60,	6,	31.8,	9.2,	21,	369,	225,	94,	55,	-5,	4,	40
11200,	545,	6.9,	59,	5,	29.4,	9,	20,	351,	220,	91,	60,	-2,	4,	40
11000,	517,	7.9,	58,	5,	27.7,	8.9,	19,	335,	215,	88,	65,	1,	4,	30
10800,	491,	8.8,	57,	5,	26.4,	8.9,	19,	320,	210,	85,	69,	3,	4,	30
10600,	469,	9.6,	56,	4,	25.3,	8.9,	18,	305,	205,	83,	73,	5,	4,	30
10400,	448,	10,	56,	4,	24.3,	9,	17,	291,	200,	81,	77,	7,	4,	30
10200,	429,	11,	55,	4,	23.4,	9,	17,	278,	194,	79,	81,	9,	4,	30
10000,	411,	12,	55,	4,	22.6,	9,	16,	266,	188,	77,	84,	11,	4,	20
9800,	393,	12,	54,	4,	21.9,	9.1,	16,	254,	183,	75,	87,	13,	4,	20
9600,	377,	13,	54,	4,	21.2,	9.2,	16,	243,	177,	73,	90,	15,	4,	20
9400,	362,	13,	54,	4,	20.5,	9.3,	15,	232,	172,	71,	93,	17,	2,	16
9200,	348,	14,	54,	3,	19.9,	9.4,	15,	221,	166,	70,	96,	19,	2,	16
9000,	334,	15,	53,	3,	19.3,	9.5,	14,	210,	161,	68,	98,	22,	2,	16
8800,	321,	15,	53,	3,	18.7,	9.5,	14,	200,	155,	66,	101,	25,	2,	12
8600,	308,	16,	53,	3,	18.1,	9.6,	13,	190,	150,	65,	104,	27,	2,	12
8400,	296,	17,	53,	3,	17.5,	9.6,	13,	180,	145,	63,	107,	30,	2,	12
8200,	284,	17,	52,	3,	16.9,	9.6,	12,	171,	140,	62,	110,	32,	2,	12
8000,	273,	18,	52,	3,	16.3,	9.6,	12,	162,	135,	60,	112,	35,	2,	12
7800,	262,	19,	52,	2,	15.7,	9.6,	12,	153,	130,	58,	115,	38,	2,	8
7600,	252,	20,	52,	2,	15.1,	9.5,	11,	144,	125,	56,	117,	41,	2,	8
7400,	242,	20,	52,	2,	14.5,	9.4,	11,	136,	120,	54,	120,	44,	2,	8
7200,	233,	21,	52,	2,	14,	9.4,	11,	128,	115,	52,	122,	47,	2,	8
7000,	224,	22,	52,	2,	13.5,	9.3,	10,	120,	110,	50,	125,	50,	2,	8
6600,	207,	24,	52,	2,	12.5,	9.2,	10,	106,	100,	46,	130,	56,	2,	8
6400,	199,	24,	51,	2,	12,	9.2,	9,	99,	95,	44,	133,	59,	2,	4
6200,	192,	25,	51,	2,	11.5,	9.2,	9,	92,	90,	42,	135,	62,	2,	4
6000,	184,	26,	51,	2,	11,	9.2,	9,	85,	85,	40,	138,	65,	2,	4
5800,	177,	27,	51,	2,	10.6,	9.3,	8,	79,	80,	38,	140,	68,	2,	4
5600,	171,	28,	51,	2,	10.2,	9.4,	8,	73,	75,	36,	143,	71,	2,	4
5400,	164,	29,	51,	2,	9.8,	9.4,	8,	67,	70,	34,	146,	74,	2,	2
5200,	158,	30,	51,	2,	9.4,	9.5,	7,	62,	66,	32,	149,	77,	2,	2
5000,	152,	32,	51,	1,	9,	9.5,	7,	57,	62,	31,	152,	80,	2,	2
4800,	147,	33,	51,	1,	8.6,	9.5,	6,	53,	58,	29,	155,	83,	2,	2
4600,	142,	34,	51,	1,	8.2,	9.5,	6,	49,	54,	28,	158,	86,	2,	2
4400,	136,	35,	51,	1,	7.9,	9.5,	6,	45,	50,	26,	161,	89,	2,	2
4200,	131,	37,	50,	1,	7.6,	9.4,	5,	41,	46,	25,	164,	92,	2,	2
4000,	127,	38,	50,	1,	7.2,	9.3,	5,	37,	43,	23,	166,	94,	2,	2
3800,	122,	40,	50,	1,	6.9,	9.2,	5,	34,	40,	22,	168,	96,	2,	2
3600,	118,	42,	50,	1,	6.5,	9,	4,	31,	37,	20,	171,	99,	2,	2
3400,	114,	44,	50,	1,	6.2,	8.8,	4,	28,	34,	19,	173,	101,	2,	2
3200,	111,	46,	50,	1,	5.8,	8.6,	4,	25,	32,	18,	176,	104,	2,	2
3000,	107,	48,	50,	1,	5.5,	8.4,	4,	22,	29,	17,	178,	106,	2,	2
2800,	104,	50,	50,	1,	5.2,	8.2,	3,	19,	27,	15,	181,	108,	2,	2
2600,	101,	52,	50,	1,	4.9,	7.9,	3,	17,	24,	14,	183,	110,	2,	2
2400,	98,	55,	50,	1,	4.6,	7.7,	3,	15,	22,	13,	185,	112,	2,	2
2200,	95,	57,	50,	1,	4.4,	7.4,	3,	13,	19,	12,	187,	114,	2,	2
2000,	92,	60,	50,	1,	4.2,	7.2,	2,	11,	17,	11,	189,	115,	2,	2
1800,	90,	62,	50,	1,	4,	7,	2,	10,	15,	10,	190,	117,	2,	2
1600,	87,	65,	50,	1,	3.8,	6.9,	2,	8,	13,	9,	192,	118,	2,	2
1400,	84,	67,	50,	1,	3.7,	6.8,	2,	6,	11,	8,	194,	120,	2,	2