0,	0,	0,	0
1.10,	29838,	95361,	165
1.11,	33806,	96252,	192
1.12,	11680,	83860,	185
1.13,	31447,	02654,	210
1.14,	23348,	87109,	154
1.15,	32860,	00431,	190
1.16,	09787,	83503,	180
1.17,	16553,	85332,	150
1.18,	22415,	85808,	140
1.19,	18100,	80850,	160
1.20,	15470,	86680,	184
1.21,	12705,	83830,	175
1.22,	30988,	00203,	174
1.23,	10802,	86822,	190
1.24,	17405,	85235,	140
1.25,	17492,	85748,	141
1.26,	08745,	84675,	178
1.27,	16305,	84805,	140
1.28,	14052,	83637,	172
1.29,	11600,	84600,	190
1.30,	10842,	88482,	160
1.31,	08397,	82617,	180
1.32,	29954,	91240,	180
1.33,	25912,	99587,	200
1.34,	24786,	90506,	170
1.35,	09278,	82402,	180
1.36,	33660,	00164,	180
1.37,	32590,	00068,	200
1.38,	25530,	91350,	155
1.39,	30428,	96998,	180
1.40,	30076,	96920,	180
1.41,	35082,	00663,	170
1.42,	31783,	05772,	208
1.52,	30170,	01802,	200
1.53,	30135,	01900,	200
1.54,	35024,	01566,	180
1.56,	31360,	01506,	180
1.57,	31327,	99041,	180
1.58,	31030,	99592,	180
1.59,	34060,	98455,	190
1.60,	29540,	94525,	180
1.61,	29390,	95060,	180
1.63,	32980,	04125,	200
1.64,	30300,	91500,	180
1.65,	30770,	91600,	180
1.67,	18860,	87840,	200
1.68,	34132,	03441,	175
1.69,	29729,	03012,	200
1.70,	33420,	03695,	200
1.71,	35595,	08775,	235
2.10,	25978,	99213,	200
2.11,	25859,	98644,	200
2.13,	22909,	91358,	175
2.14,	27438,	02376,	210
2.15,	23352,	93738,	170
2.16,	26003,	98882,	200
2.17,	26904,	99347,	185
2.18,	26998,	99159,	200
2.19,	28739,	97818,	160
2.20,	26365,	99636,	200
2.21,	26876,	99380,	200
2.22,	26910,	99450,	200
2.23,	26434,	99271,	200
2.33,	18760,	90304,	180
2.34,	16842,	89144,	150
2.603,	23267,	91761,	175
2.604,	21093,	91833,	175
2.605,	22410,	91800,	180
2.606,	21125,	90460,	160
2.607,	22590,	91777,	180
2.608,	20894,	90764,	160
2.609,	17360,	90823,	160
2.610,	26128,	00441,	200
2.611,	25456,	00087,	200
2.612,	26966,	00258,	200
2.613,	25867,	00147,	200
2.614,	25745,	00832,	200
2.615,	25959,	99204,	200
2.616,	25639,	99767,	200
2.617,	25610,	99750,	200
2.618,	31906,	94105,	180
3.21,	11075,	83940,	175
3.601,	20740,	91390,	150
3.602,	20565,	91572,	150
4.29,	02860,	86210,	170
4.48,	27176,	00533,	200
4.49,	19972,	87152,	175
4.51,	31250,	09590,	240
4.52,	31175,	09345,	240
4.53,	31205,	08910,	240
4.54,	31250,	09155,	240
4.55,	31290,	09365,	240
4.56,	31370,	09585,	240
4.57,	32350,	09900,	240
4.58,	31450,	09900,	240
4.59,	31750,	08700,	240
4.60,	30780,	00040,	175
4.61,	31310,	08815,	235
4.62,	35015,	09700,	200
4.63,	32570,	08140,	230
4.64,	31850,	08765,	240
4.66,	36725,	08125,	200
4.67,	30325,	07460,	240
4.69,	33420,	07025,	230
4.70,	21185,	91810,	175
4.71,	32615,	09105,	240
4.72,	35095,	10695,	200
4.73,	07820,	90640,	200
4.74,	34649,	04486,	189
4.75,	27435,	97060,	195
4.76,	33620,	09410,	235
4.77,	32900,	10720,	235
4.78,	33210,	11180,	235
4.79,	13900,	89060,	150
4.80,	14175,	89300,	155
4.81,	07455,	86930,	180
101,	20750,	95600,	180
102,	20700,	98300,	190
103,	24000,	99900,	195
104,	15500,	90720,	185
105,	12560,	91320,	160
106,	23325,	91750,	170
107,	30480,	08460,	240
109,	31300,	09100,	240
110,	31240,	08940,	240
203,	29245,	07230,	180
204,	09862,	90594,	185
205,	10322,	90755,	180
201,	32390,	09850,	240
211,	14934,	89323,	217
212,	17135,	89560,	155
218,	04067,	87742,	162
219,	04755,	91158,	190
221,	13452,	89417,	161
223,	13691,	89068,	173
227,	12306,	87577,	155
301,	25559,	99810,	200
302,	25585,	00009,	200
303,	25607,	00212,	200
304,	25642,	00504,	200
305,	31300,	08850,	240
306,	25684,	00913,	200
307,	25706,	01125,	200
308,	26355,	01011,	200
309,	26219,	01292,	200
310,	31090,	09120,	240
416,	21200,	90665,	150
510,	12430,	87515,	165
601,	24923,	95580,	200
602,	24811,	93657,	190
603,	23568,	92842,	170
604,	20707,	91510,	150
607,	22580,	91755,	175
609,	25986,	98901,	200
610,	12306,	87577,	155
611,	11543,	88704,	151
612,	22515,	85377,	140
613,	17865,	81157,	165
617,	24850,	87330,	179
634,	25675,	01590,	200
801,	30170,	07420,	235
804,	32027,	08440,	235
806,	37328,	10194,	194
907,	12184,	86146,	190
932,	11400,	86650,	188
1032,	22900,	86375,	140
1033,	14095,	89928,	200
1051,	26759,	93742,	200
1227,	11935,	89492,	160
1228,	12307,	90361,	155
1507,	26915,	99435,	190
1791,	07235,	90330,	200
1792,	02950,	93355,	190
1802,	29958,	07088,	235
1803,	30518,	08429,	240
1804,	32195,	09515,	235
1808,	40640,	04635,	190
1809,	32635,	10262,	238
1810,	30410,	04765,	180
1811,	33951,	09402,	190
1812,	33478,	10221,	220
1813,	32478,	09855,	246
1814,	33639,	10144,	230
1818,	30302,	07255,	235
1819,	31061,	08471,	235
1823,	32027,	08440,	235
1835,	32223,	10213,	245
1836,	32518,	09878,	245
1837,	32551,	09805,	245
1901,	29132,	86816,	165
2001,	34510,	09980,	180
2002,	30385,	08530,	180
2004,	30410,	04765,	180
2006,	34180,	10240,	200
2101,	01522,	96779,	198
2102,	02306,	96465,	195
2103,	02451,	96259,	195
2104,	01059,	96079,	195
2105,	01953,	95861,	190
2106,	01114,	95541,	195
2107,	02034,	95474,	190
2108,	01696,	95355,	190
2109,	01800,	94387,	190
2110,	02557,	93751,	195
2111,	02754,	92997,	190
2112,	02960,	92162,	190
2113,	03447,	91885,	190
2114,	03526,	91440,	170
2115,	03618,	90982,	170
2116,	04127,	91085,	175
2117,	03659,	94551,	195
2118,	00313,	95599,	195
2119,	01155,	96796,	200
2120,	00437,	96862,	200
2121,	04457,	94576,	210
2122,	02791,	94472,	190
2123,	03540,	95357,	195
2124,	04424,	95190,	210
2125,	03171,	93526,	190
2126,	03837,	93207,	195
2127,	04572,	93352,	210
2130,	01350,	95386,	193
2140,	02886,	95445,	190
2388,	12400,	87795,	165
2389,	10420,	90745,	175
2390,	14950,	89295,	165
2547,	26625,	93830,	200
2559,	04075,	87640,	160
2773,	04740,	91215,	180
2781,	14110,	89335,	150
2801,	0	0	0
2802,	26380,	93745,	200
2809,	19813,	87360,	180
2901,	31400,	09315,	240
3006,	32190,	92380,	170
3007,	32088,	88502,	165
3008,	24923,	95580,	200
3009,	14943,	89248,	217
5228,	12271,	90291,	155