11498,	2,	-3,	-5,	-2,	-8,	-2,	-5,	-3,	2,	0,	11,	-3,	14,	-2,	11,	-2
11000,	2,	-2,	-8,	0,	-13,	0,	-8,	-2,	2,	0,	14,	-2,	19,	-2,	14,	0
10000,	2,	-2,	-9,	0,	-15,	0,	-9,	0,	2,	0,	15,	0,	20,	0,	15,	0
9000,	2,	0,	-9,	0,	-15,	0,	-9,	0,	2,	0,	14,	0,	19,	0,	14,	0
8000,	2,	0,	-9,	0,	-14,	0,	-9,	0,	2,	0,	13,	0,	18,	0,	13,	0
7000,	0,	0,	-9,	0,	-13,	0,	-9,	0,	0,	0,	12,	0,	17,	0,	12,	0
6000,	0,	0,	-8,	0,	-12,	0,	0,	0,	11,	0,	15,	0,	11,	0,	11,	0
5000,	0,	0,	-7,	0,	-11,	0,	-7,	0,	0,	0,	10,	0,	13,	0,	10,	0
4000,	0,	0,	-6,	0,	-9,	0,	-6,	0,	0,	0,	8,	0,	11,	0,	8,	0
3000,	0,	0,	0,	0,	0,	0,	0,	0,	0,	0,	0,	0,	0,	0,	0,	0
2000,	0,	0,	0,	0,	0,	0,	0,	0,	0,	0,	0,	0,	0,	0,	0,	0
1000,	0,	0,	0,	0,	0,	0,	0,	0,	0,	0,	0,	0,	0,	0,	0,	0