15000,3,-3,-11,-2,-17,-2,-11,-2,3,-2,17,-2,23,-2,17,-2
14000,2,-2,-13,0,-20,-2,-13,-2,2,0,19,-2,25,-2,19,0
13000,2,-2,-13,0,-20,0,-13,-2,2,0,19,-2,25,0,19,0
12000,2,0,-13,0,-20,0,-13,0,2,0,18,0,25,0,18,0
11000,2,0,-13,0,-19,0,-13,0,2,0,17,0,24,0,17,0
10000,2,0,-12,0,-18,0,-12,0,2,0,17,0,23,0,17,0
9000,0,0,-12,0,-17,0,-12,0,0,0,16,0,21,0,16,0
8000,0,0,-11,0,-17,0,-11,0,0,0,15,0,20,0,15,0
7000,0,0,-10,0,-16,0,-10,0,0,0,14,0,19,0,14,0
6000,0,0,-10,0,-15,0,-10,0,0,0,13,0,18,0,13,0
5000,0,0,-10,0,-14,0,-10,0,0,0,12,0,17,0,12,0
4000,0,0,-9,0,-14,0,-9,0,0,0,11,0,16,0,11,0
3000,0,0,0,0,0,0,0,0,0,0,0,0,0,0,0,0
2000,0,0,0,0,0,0,0,0,0,0,0,0,0,0,0,0
1000,0,0,0,0,0,0,0,0,0,0,0,0,0,0,0,0