12830,3,-3,-6,-2,-10,-2,-6,-3,3,0,12,-3,16,-2,12,-2
12000,2,-2,-10,0,-16,-2,-10,-2,2,0,16,-2,21,-2,16,0
11000,2,-2,-11,0,-16,0,-11,0,2,0,16,0,22,0,16,0
10000,2,0,-11,0,-16,0,-11,0,2,0,16,0,21,0,16,0
9000,2,0,-10,0,-16,0,-10,0,2,0,15,0,20,0,15,0
8000,0,0,-10,0,-15,0,-10,0,0,0,14,0,19,0,14,0
7000,0,0,-9,0,-14,0,-9,0,0,0,13,0,17,0,13,0
6000,0,0,-8,0,-13,0,-8,0,0,0,11,0,16,0,11,0
5000,0,0,-8,0,-11,0,-8,0,0,0,10,0,14,0,10,0
4000,0,0,-7,0,-10,0,-7,0,0,0,9,0,12,0,9,0
3000,0,0,0,0,0,0,0,0,0,0,0,0,0,0,0,0
2000,0,0,0,0,0,0,0,0,0,0,0,0,0,0,0,0
1000,0,0,0,0,0,0,0,0,0,0,0,0,0,0,0,0