15836,	833,	1,	75,	9,	23.1,	4.8,	21,	490,	252,	136,	61,	-20,	8,	40
15879,	792,	1,	72,	9,	48,	10.6,	20,	479,	255,	135,	66,	-17,	8,	40
15800,	735,	2.2,	68,	8,	55,	13.2,	19,	460,	258,	132,	75,	-11,	8,	40
15600,	686,	4.6,	65,	7,	41.1,	10.3,	18,	440,	257,	129,	82,	-7,	4,	40
15400,	652,	6.2,	63,	7,	36.8,	9.6,	17,	423,	255,	126,	87,	-4,	4,	40
15200,	625,	7.4,	62,	6,	34.5,	9.3,	17,	408,	253,	123,	91,	-1,	4,	40
15000,	601,	8.4,	61,	6,	32.9,	9.2,	16,	395,	250,	120,	94,	1,	4,	40
14800,	579,	9.2,	60,	6,	31.7,	9.2,	16,	383,	247,	118,	97,	4,	4,	40
14600,	560,	10,	59,	6,	30.7,	9.2,	16,	371,	244,	115,	100,	6,	4,	40
14400,	541,	11,	58,	5,	29.8,	9.2,	15,	359,	241,	113,	103,	9,	4,	40
14200,	524,	11,	58,	5,	29,	9.2,	15,	347,	237,	110,	106,	11,	4,	40
14000,	508,	12,	57,	5,	28.2,	9.2,	15,	336,	233,	108,	108,	14,	4,	40
13800,	492,	13,	57,	5,	27.4,	9.2,	14,	325,	229,	105,	110,	16,	4,	40
13600,	477,	13,	57,	5,	26.6,	9.2,	14,	314,	225,	103,	113,	19,	4,	40
13400,	463,	14,	56,	4,	25.8,	9.2,	14,	304,	221,	101,	115,	21,	4,	30
13200,	449,	14,	56,	4,	25,	9.2,	14,	294,	217,	99,	118,	24,	4,	30
13000,	436,	15,	56,	4,	24.2,	9.2,	13,	284,	212,	97,	120,	26,	4,	30
12800,	424,	15,	55,	4,	23.5,	9.2,	13,	275,	207,	95,	123,	28,	4,	30
12600,	412,	16,	55,	4,	22.8,	9.2,	13,	266,	203,	93,	125,	31,	4,	30
12400,	400,	17,	55,	4,	22.2,	9.3,	13,	257,	198,	91,	127,	34,	4,	30
12200,	388,	17,	54,	4,	21.6,	9.3,	12,	248,	194,	89,	129,	37,	4,	30
12000,	377,	18,	54,	4,	21.1,	9.3,	12,	239,	189,	88,	131,	40,	4,	20
11800,	366,	18,	54,	3,	20.6,	9.3,	12,	230,	184,	86,	133,	44,	2,	20
11600,	356,	19,	54,	3,	20.1,	9.3,	12,	221,	179,	84,	136,	47,	2,	20
11400,	346,	19,	54,	3,	19.6,	9.3,	12,	213,	174,	82,	138,	50,	2,	20
11200,	336,	20,	53,	3,	19.1,	9.4,	11,	205,	169,	80,	141,	53,	2,	16
11000,	326,	20,	53,	3,	18.7,	9.4,	11,	197,	165,	79,	143,	56,	2,	16
10800,	316,	21,	53,	3,	18.2,	9.4,	11,	189,	160,	77,	145,	60,	2,	16
10600,	307,	22,	53,	3,	17.8,	9.4,	11,	181,	156,	75,	148,	63,	2,	16
10400,	298,	22,	53,	3,	17.4,	9.5,	10,	174,	151,	73,	150,	66,	2,	16
10200,	290,	23,	53,	3,	17,	9.5,	10,	166,	147,	71,	153,	69,	2,	12
10000,	281,	23,	53,	3,	16.6,	9.5,	10,	159,	142,	70,	155,	72,	2,	12
9800,	273,	24,	52,	1,	16.3,	9.6,	10,	152,	137,	68,	157,	75,	2,	12
9600,	265,	24,	52,	1,	15.9,	9.6,	9,	145,	133,	66,	159,	78,	2,	12
9400,	257,	25,	52,	1,	15.6,	9.7,	9,	138,	128,	64,	161,	81,	2,	12
9200,	250,	25,	52,	1,	15.2,	9.7,	9,	131,	124,	62,	163,	84,	2,	8
9000,	247,	26,	52,	1,	14.9,	9.7,	9,	125,	119,	61,	166,	87,	2,	8
8800,	236,	26,	52,	1,	14.6,	9.8,	8,	119,	114,	59,	168,	91,	2,	8
8600,	229,	27,	52,	1,	14.3,	9.8,	8,	113,	110,	57,	171,	94,	2,	8
8400,	222,	27,	52,	1,	14,	9.8,	8,	107,	106,	55,	173,	97,	2,	8
8200,	216,	28,	52,	1,	13.7,	9.9,	8,	101,	102,	53,	176,	100,	2,	8
8000,	209,	29,	52,	1,	13.3,	9.9,	7,	95,	98,	51,	178,	103,	2,	8
7800,	203,	29,	51,	1,	13,	9.9,	7,	90,	94,	49,	181,	107,	2,	8
7600,	197,	30,	51,	1,	12.6,	9.9,	7,	85,	90,	48,	183,	110,	2,	8
7400,	192,	31,	51,	1,	12.3,	9.9,	7,	80,	86,	46,	186,	113,	2,	4
7200,	186,	31,	51,	1,	11.9,	9.9,	6,	75,	82,	45,	188,	116,	2,	4
7000,	181,	32,	51,	1,	11.5,	9.9,	6,	71,	79,	43,	191,	119,	2,	4
6800,	176,	33,	51,	1,	11.1,	9.9,	6,	67,	76,	41,	194,	122,	2,	4
6600,	171,	34,	51,	1,	10.7,	9.9,	6,	63,	72,	40,	197,	125,	2,	4
6400,	166,	36,	51,	1,	10.3,	9.8,	6,	59,	69,	38,	200,	128,	2,	4
6200,	161,	37,	51,	1,	9.9,	9.8,	5,	55,	65,	37,	203,	131,	2,	4
6000,	157,	38,	51,	1,	9.5,	9.7,	5,	51,	62,	35,	207,	134,	2,	2
5800,	152,	40,	51,	1,	9.1,	9.6,	5,	48,	59,	34,	211,	137,	2,	2
5600,	148,	41,	51,	1,	8.7,	9.4,	5,	45,	56,	33,	214,	139,	2,	2
5400,	144,	43,	51,	1,	8.3,	9.3,	5,	42,	53,	31,	217,	142,	2,	2
5200,	140,	44,	51,	1,	7.9,	9.1,	4,	39,	50,	30,	220,	144,	2,	2
5000,	136,	46,	51,	1,	7.6,	9,	4,	36,	47,	28,	223,	147,	2,	2
4800,	133,	47,	51,	1,	7.3,	8.8,	4,	33,	44,	27,	226,	149,	2,	2
4600,	129,	49,	51,	1,	7,	8.7,	4,	30,	42,	25,	229,	152,	2,	2
4400,	126,	51,	51,	1,	6.7,	8.6,	4,	28,	39,	24,	232,	154,	2,	2
4200,	122,	52,	51,	1,	6.4,	8.5,	3,	26,	37,	23,	235,	157,	2,	2
4000,	119,	54,	51,	1,	6.1,	8.4,	3,	24,	35,	22,	238,	159,	2,	2
3800,	116,	56,	50,	1,	5.8,	8.2,	3,	22,	32,	20,	241,	162,	2,	2
3600,	112,	57,	50,	1,	5.6,	8.1,	3,	20,	30,	19,	244,	164,	2,	2
3400,	109,	59,	50,	1,	5.4,	8,	3,	18,	28,	18,	247,	166,	2,	2
3200,	107,	61,	50,	1,	5.2,	7.9,	3,	16,	26,	17,	250,	168,	2,	2
3000,	104,	62,	50,	1,	5,	7.8,	2,	15,	24,	16,	252,	170,	2,	2
2800,	101,	64,	50,	1,	4.8,	7.7,	2,	14,	22,	15,	255,	172,	2,	2
2600,	98,	66,	50,	1,	4.7,	7.6,	2,	12,	20,	14,	257,	174,	2,	2
2400,	96,	68,	50,	1,	4.5,	7.5,	2,	11,	18,	13,	260,	176,	2,	2
2200,	93,	69,	50,	1,	4.4,	7.4,	2,	9,	16,	12,	262,	178,	2,	2
2000,	91,	71,	50,	1,	4.2,	7.3,	1,	8,	14,	11,	265,	180,	2,	2
1800,	89,	73,	50,	1,	4.1,	7.2,	1,	7,	12,	10,	267,	182,	2,	2
1600,	86,	74,	50,	1,	3.9,	7.1,	1,	5,	11,	9,	270,	184,	2,	2
1400,	84,	76,	50,	1,	3.8,	7,	1,	4,	9,	8,	272,	186,	2,	2