16791.75, 712.56, 0.0,	38,	12, 20.7, 17.0, 470.97, 120.46,	1.53, 270.51, 179.94, 44.7, -23.8,	313, 65.78, 5550.44,	60,	-5.8,	745,	54,	0,	0.1,	2,	750,	315.8,	0.30,	130,	76,	41,	48,	13,	1.29,	1.01,	0.014,	2.44,	1.73
16600.0, 660.0, 3.0,	38,	12, 17.0, 16.0, 449.0, 115.0,	1.49, 271.0, 175.0, 40.0, -20.0,	310, 61.0, 4817.0,50,	-5.8,	744,	53.5,	0,	0.5,	2,	750,	315.8,	0.30,	130,	76,	41,	48,	13,	1.29,	1.01,	0.014,	2.44,	1.73
16400.0, 627.0, 5.0,	37,	11, 16.0, 15.0, 435.0, 112.0,	1.45, 269.0, 172.0, 38.0, -18.0,	308, 58.0, 4493.0,	50,	-5.8,	740,	53,	0,	0.13,	2,	750,	315.8,	0.30,	130,	76,	41,	48,	13,	1.29,	1.01,	0.014,	2.44,	1.73
16200.0, 600.0, 6.0,	37,	11, 15.0, 15.0, 423.0, 110.0,	1.41, 266.0, 170.0, 37.0, -17.0,	305, 57.0, 4241.0,40,	-5.8,	684,	51,	3,	0.05,	2,	741,	313.1,	0.30,	129,	76,	41,	47,	13,	1.27,	0.98,	0.014,	2.42,	1.72
16000.0, 576.0, 7.0,	36,	11, 15.0, 15.0, 412.0, 108.0,	1.37, 263.0, 168.0, 36.0, -16.0,	301, 55.0, 4034.0,	50,	-4.6,	638,	47,	4,	0.91,	2,	664,	287.8,	0.35,	126,	82,	41,	43,	12,	1.18,	0.89,	0.013,	2.32,	1.63
15800.0, 555.0, 8.0,	35,	10, 14.0, 14.0, 401.0, 106.0,	1.34, 259.0, 166.0, 35.0, -15.0,	298, 54.0, 3852.0,	40,	-3.4,	606,	45,	2,	0.06,	2,	625,	274.6,	0.35,	123,	88,	41,	41,	11,	1.12,	0.83,	0.012,	2.22,	1.55
15600.0, 536.0, 8.0,	34,	10, 14.0, 14.0, 391.0, 104.0,	1.31, 255.0, 164.0, 34.0, -14.0,	296, 53.0, 3690.0,	40,	-2.9,	580,	44,	1,	0.04,	2,	595,	264.2,	0.35,	121,	93,	41,	39,	10,	1.06,	0.79,	0.011,	2.12,	1.48
15400.0, 518.0, 9.0,	33,	9.7, 13.0, 14.0, 381.0, 102.0,	1.28, 251.0, 163.0, 33.0, -13.0,	294, 51.0, 3542.0,	40,	-2.4,	557,	43,	1,	0.04,	2,	569,	255.1,	0.35,	118,	97,	41,	38,	10,	1.01,	0.76,	0.011,	2.02,	1.42
15200.0, 501.0, 9.0,	33,	9.4, 13.0, 14.0, 371.0, 100.0,	1.26, 247.0, 161.0, 32.0, -12.0,	292, 50.0, 3406.0,	40,	-2.1,	536,	42,	1,	0.05,	2,	546,	247.0,	0.35,	115,	100,	41,	36,	9.8,	0.97,	0.73,	0.010,	1.93,	1.37
15000.0, 485.0, 10.0,	32,	9.1, 13.0, 14.0, 362.0, 98.0,	1.24, 242.0, 160.0, 31.0, -11.0,	290, 49.0, 3281.0,30,	-1.8,	517,	41,	1,	0.05,	2,	525,	239.5,	0.35,	112,	102,	40,	35,	9.4,	0.92,	0.71,	0.010,	1.85,	1.33
14800.0, 470.0, 11.0,	31,	8.8, 12.0, 14.0, 352.0, 96.0,	1.22, 238.0, 159.0, 30.0, -45.0,	289, 48.0, 3160.0,30,	-1.7,	499,	40,	1,	0.06,	2,	506,	232.5,	0.35,	109,	104,	40,	34,	9.1,	0.88,	0.69,	0.009,	1.77,	1.30
14600.0, 456.0, 12.0,	31,	8.5, 11.0, 13.0, 340.0, 94.0,	1.2, 234.0, 156.0, 28.0, -43.0,	287, 46.0, 2899.0,	30,	-1.6,	482,	38,	2,	0.12,	2,	488,	225.8,	0.35,	106,	106,	40,	33,	8.8,	0.83,	0.67,	0.009,	1.70,	1.27
14400.0, 442.0, 13.0,	30,	8.2, 11.0, 13.0, 329.0, 91.0,	1.18, 231.0, 155.0, 27.0, -42.0,	286, 45.0, 2693.0,	30,	-1.4,	466,	37,	1,	0.06,	2,	470,	219.5,	0.35,	104,	107,	40,	32,	8.5,	0.79,	0.65,	0.009,	1.63,	1.25
14200.0, 428.0, 14.0,	30,	8, 10.0, 12.0, 319.0, 89.0,	1.17, 226.0, 153.0, 26.0, -41.0,	285, 43.0, 2534.0,	30,	-1.3,	451,	36,	1,	0.07,	2,	454,	213.4,	0.35,	101,	108,	40,	32,	8.2,	0.75,	0.63,	0.008,	1.56,	1.23
14000.0, 416.0, 15.0,	29,	7.7, 9.0, 12.0, 310.0, 88.0,	1.15, 222.0, 151.0, 25.0, -40.0,	284, 42.0, 2395.0,	30,	-1.2,	436,	35,	1,	0.07,	2,	438,	207.6,	0.35,	98,	110,	40,	31,	8.0,	0.72,	0.61,	0.008,	1.50,	1.20
13800.0, 403.0, 15.0,	29,	7.5, 9.0, 12.0, 300.0, 86.0,	1.13, 217.0, 150.0, 24.0, -39.0,	283, 41.0, 2269.0,	30,	-1.1,	422,	35,	0,	0.01,	2,	423,	201.9,	0.35,	96,	111,	40,	30,	7.8,	0.68,	0.59,	0.008,	1.44,	1.18
13600.0, 491.0, 16.0,	28,	7.2, 9.0, 12.0, 291.0, 84.0,	1.11, 213.0, 149.0, 24.0, -38.0,	282, 40.0, 2152.0,30,	-1.1,	408,	34,	1,	0.07,	1,	409,	196.4,	0.40,	94,	113,	40,	29,	7.7,	0.64,	0.58,	0.008,	1.38,	1.15
13400.0, 379.0, 16.0,	28,	7, 8.0, 12.0, 282.0, 82.0,	1.1, 208.0, 148.0, 23.0, -37.0,	282, 39.0, 2043.0,30,	-1,	394,	33,	1,	0.07,	1,	395,	191.1,	0.40,	91,	114,	40,	28,	7.5,	0.61,	0.56,	0.007,	1.33,	1.13
13200.0, 368.0, 17.0,	27,	6.8, 8.0, 11.0, 273.0, 81.0,	1.08, 203.0, 146.0, 22.0, -36.0,	281, 38.0, 1940.0,	24,	-1,	381,	32,	1,	0.08,	1,	381,	185.9,	0.40,	88,	115,	40,	28,	7.4,	0.57,	0.54,	0.007,	1.28,	1.11
13000.0, 357.0, 17.0,	27,	6.6, 7.0, 11.0, 264.0, 79.0,	1.06, 199.0, 145.0, 21.0, -35.0,	281, 37.0, 1843.0,	24,	-0.9,	369,	31,	1,	0.08,	1,	368,	180.9,	0.40,	86,	116,	40,	27,	7.2,	0.54,	0.53,	0.007,	1.23,	1.09
12800.0, 346.0, 18.0,	26,	6.4, 7.0, 11.0, 256.0, 78.0,	1.04, 194.0, 144.0, 20.0, -34.0,	280, 36.0, 1750.0,24,	-0.8,	356,	30,	1,	0.08,	1,	356,	176.0,	0.40,	84,	117,	40,	26,	7.0,	0.51,	0.52,	0.007,	1.18,	1.07
12600.0, 335.0, 18.0,	26,	6.2, 7.0, 11.0, 247.0, 76.0,	1.03, 189.0, 143.0, 20.0, -33.0,	280, 35.0, 1662.0,24,	-0.7,	344,	29,	1,	0.08,	1,	343,	171.2,	0.40,	81,	118,	40,	25,	6.9,	0.48,	0.50,	0.006,	1.13,	1.05
12400.0, 325.0, 19.0,	25,	6, 6.0, 11.0, 239.0, 75.0,	1.01, 184.0, 141.0, 19.0, -32.0,	280, 34.0, 1578.0,24,	-0.7,	332,	28,	1,	0.08,	1,	331,	166.5,	0.40,	79,	118,	40,	24,	6.8,	0.44,	0.49,	0.006,	1.08,	1.03
12200.0, 315.0, 19.0,	25,	5.8, 6.0, 11.0, 231.0, 73.0,	0.99, 179.0, 140.0, 18.0, -31.0,	280, 33.0, 1497.0,	20,	-0.6,	321,	27,	1,	0.09,	1,	320,	161.9,	0.40,	76,	119,	40,	24,	6.7,	0.42,	0.47,	0.006,	1.04,	1.01
12000.0, 305.0, 20.0,	24,	5.7, 6.0, 10.0, 223.0, 72.0,	0.97, 174.0, 139.0, 18.0, -30.0,	280, 32.0, 1421.0,	20,	-0.6,	310,	26,	1,	0.09,	1,	308,	157.4,	0.40,	73,	119,	40,	23,	6.6,	0.39,	0.46,	0.006,	0.99,	0.99
11800.0, 295.0, 20.0,	24,	5.5, 6.0, 10.0, 214.0, 70.0,	0.95, 170.0, 138.0, 17.0, -29.0,	280, 32.0, 1347.0,	20,	-0.6,	299,	26,	0,	0.01,	1,	297,	152.9,	0.40,	70,	119,	40,	23,	6.5,	0.36,	0.45,	0.006,	0.94,	0.97
11600.0, 285.0, 21.0,	24,	5.3, 6.0, 10.0, 206.0, 69.0,	0.94, 165.0, 137.0, 17.0, -28.0,	281, 31.0, 1277.0,	20,	-0.5,	288,	26,	0,	0.01,	1,	286,	148.5,	0.40,	68,	120,	40,	22,	6.4,	0.33,	0.44,	0.005,	0.90,	0.95
11400.0, 276.0, 21.0,	23,	5.2, 5.0, 10.0, 199.0, 68.0,	0.92, 160.0, 135.0, 16.0, -28.0,	281, 30.0, 1209.0,20,	-0.5,	278,	25,	1,	0.10,	1,	276,	144.2,	0.40,	66,	120,	41,	22,	6.3,	0.31,	0.42,	0.005,	0.86,	0.94
11200.0, 267.0, 21.0,	23,	5, 5.0, 10.0, 191.0, 66.0,	0.9, 155.0, 134.0, 15.0, -27.0,	281, 29.0, 1145.0,20,	-0.5,	268,	24,	1,	0.10,	1,	265,	139.9,	0.40,	63,	120,	41,	21,	6.3,	0.28,	0.41,	0.005,	0.82,	0.92
11000.0, 258.0, 22.0,	22,	4.8, 5.0, 10.0, 184.0, 65.0,	0.87, 150.0, 133.0, 15.0, -26.0,	282, 28.0, 1083.0,16,	-0.4,	258,	23,	1,	0.10,	1,	255,	135.7,	0.40,	61,	121,	41,	20,	6.2,	0.26,	0.40,	0.004,	0.78,	0.90
10800.0, 250.0, 23.0,	22,	4.7, 5.0, 9.0, 176.0, 63.0,	0.85, 146.0, 132.0, 14.0, -25.0,	283, 28.0, 1023.0,16,	-0.4,	248,	22,	1,	0.10,	1,	245,	131.6,	0.40,	58,	122,	42,	19,	6.2,	0.24,	0.39,	0.004,	0.74,	0.88
10600.0, 241.0, 23.0,	22,	4.6, 5.0, 9.0, 169.0, 62.0,	0.83, 141.0, 130.0, 14.0, -24.0,	284, 27.0, 966.0,16,	-0.4,	239,	21,	1,	0.11,	1,	236,	127.6,	0.45,	56,	122,	42,	19,	6.1,	0.22,	0.37,	0.004,	0.70,	0.86
10400.0, 233.0, 24.0,	21,	4.4, 4.0, 9.0, 161.0, 60.0,	0.81, 136.0, 129.0, 14.0, -23.0,	285, 26.0, 911.0,16,	-0.4,	230,	21,	0,	0.11,	1,	226,	123.6,	0.45,	54,	123,	42,	18,	6.1,	0.20,	0.36,	0.004,	0.66,	0.85
10200.0, 224.0, 24.0,	21,	4.3, 4.0, 9.0, 154.0, 59.0,	0.78, 131.0, 128.0, 13.0, -23.0,	286, 25.0, 859.0,16,	-0.3,	221,	20,	1,	0.11,	1,	217,	119.7,	0.45,	52,	124,	42,	17,	6.0,	0.18,	0.35,	0.003,	0.63,	0.83
10000.0, 216.0, 24.0,	21,	4.2, 4.0, 9.0, 147.0, 57.0,	0.76, 126.0, 126.0, 12.0, -22.0,	287, 24.0, 808.0,16,	-0.3,	212,	19,	1,	0.11,	1,	208,	115.8,	0.45,	50,	125,	43,	17,	6.0,	0.16,	0.34,	0.003,	0.59,	0.81
9800.0, 209.0, 25.0,	20,	4, 4.0, 8.0, 141.0, 56.0,	0.73, 122.0, 125.0, 12.0, -21.0,	288, 24.0, 761.0,16,	-0.3,	203,	18,	1,	0.11,	1,	200,	112.0,	0.45,	48,	125,	43,	16,	6.0,	0.14,	0.33,	0.003,	0.56,	0.79
9600.0, 201.0, 26.0,	20,	3.9, 4.0, 8.0, 134.0, 54.0,	0.7, 117.0, 124.0, 11.0, -20.0,	290, 23.0, 715.0,16,	-0.3,	194,	18,	0,	0.11,	1,	191,	108.2,	0.45,	46,	126,	43,	16,	5.9,	0.13,	0.31,	0.002,	0.52,	0.77
9400.0, 194.0, 27.0,	20,	3.8, 4.0, 8.0, 127.0, 53.0,	0.68, 113.0, 123.0, 11.0, -19.0,	291, 22.0, 671.0,16,	-0.2,	186,	18,	0,	0.13,	1,	183,	104.5,	0.45,	44,	126,	44,	15,	5.8,	0.12,	0.30,	0.002,	0.49,	0.75
9200.0, 186.0, 27.0,	19,	3.7, 4.0, 8.0, 121.0, 51.0,	0.64, 108.0, 121.0, 10.0, -19.0,	293, 22.0, 629.0,12,	-0.2,	178,	17,	1,	0.13,	1,	175,	100.8,	0.45,	42,	127,	44,	15,	5.7,	0.10,	0.29,	0.002,	0.46,	0.73
9000.0, 179.0, 28.0,	19,	3.5, 3.0, 8.0, 115.0, 50.0,	0.61, 103.0, 120.0, 10.0, -18.0,	295, 21.0, 589.0,12,	-0.2,	170,	16,	1,	0.13,	1,	167,	97.2,	0.45,	40,	127,	45,	14,	5.6,	0.09,	0.28,	0.001,	0.43,	0.71
8800.0, 172.0, 29.0,	18,	3.4, 3.0, 7.0, 109.0, 48.0,	0.58, 99.0, 118.0, 10.0, -17.0,	297, 20.0, 551.0,12,	-0.2,	162,	16,	0,	0.13,	1,	159,	93.6,	0.45,	39,	127,	45,	14,	5.4,	0.08,	0.26,	0.001,	0.40,	0.69
8600.0, 165.0, 30.0,	18,	3.3, 3.0, 7.0, 103.0, 47.0,	0.55, 95.0, 117.0, 9.0, -16.0,	299, 20.0, 515.0,8,	-0.1,	155,	15,	1,	0.14,	1,	151,	90.0,	0.45,	37,	127,	46,	13,	5.2,	0.07,	0.25,	0.001,	0.37,	0.67
8400.0, 159.0, 30.0,	18,	3.2, 3.0, 7.0, 97.0, 45.0,	0.51, 91.0, 115.0, 9.0, -16.0,	301, 19.0, 480.0,8,	-0.1,	148,	14,	1,	0.14,	1,	144,	86.5,	0.45,	35,	128,	46,	13,	4.9,	0.06,	0.23,	0.001,	0.34,	0.65
8200.0, 152.0, 31.0,	17,	3.1, 3.0, 7.0, 92.0, 43.0,	0.47, 86.0, 114.0, 9.0, -15.0,	303, 18.0, 447.0,8,	-0.1,	141,	14,	0,	0.14,	1,	137,	83.1,	0.50,	33,	128,	47,	12,	4.6,	0.06,	0.22,	0,	0.32,	0.63
8000.0, 146.0, 32.0,	17,	3, 3.0, 6.0, 87.0, 42.0,	0.44, 83.0, 112.0, 8.0, -14.0,	306, 18.0, 416.0,8,	-0.1,	134,	13,	1,	0.14,	1,	130,	79.7,	0.50,	31,	129,	48,	11,	4.3,	0.05,	0.20,	0,	0.30,	0.61
7800.0, 140.0, 33.0,	17,	2.9, 3.0, 6.0, 82.0, 40.0,	0.4, 79.0, 111.0, 8.0, -13.0,	309, 17.0, 387.0,8,	0,	127,	13,	0,	0.14,	1,	123,	76.3,	0.50,	30,	130,	48,	11,	4.0,	0.05,	0.18,	0,	0.28,	0.59
7600.0, 134.0, 34.0,	16,	2.8, 3.0, 6.0, 76.0, 39.0,	0.37, 75.0, 109.0, 8.0, -13.0,	312, 16.0, 359.0,8,	0,	120,	12,	1,	0.14,	1,	117,	73.0,	0.50,	28,	132,	49,	10,	3.8,	0.05,	0.16,	0,	0.26,	0.57
7400.0, 128.0, 35.0,	16,	2.7, 2.0, 6.0, 72.0, 37.0,	0.33, 71.0, 107.0, 7.0, -12.0,	315, 16.0, 333.0,8,	0,	114,	11,	1,	0.17,	1,	111,	69.7,	0.55,	26,	133,	49,	9.8,	3.6,	0.05,	0.15,	0,	0.24,	0.55
7200.0, 122.0, 36.0,	16,	2.6, 2.0, 6.0, 67.0, 35.0,	0.3, 67.0, 105.0, 7.0, -12.0,	319, 15.0, 308.0,4,	0,	108,	11,	0,	0.17,	1,	105,	66.5,	0.55,	25,	134,	50,	9.3,	3.4,	0.05,	0.13,	0,	0.22,	0.53
7000.0, 117.0, 37.0,	15,	2.5, 2.0, 5.0, 63.0, 33.0,	0.27, 63.0, 103.0, 7.0, -11.0,	324, 15.0, 284.0,4,	0,	1,	1,	1,	0.01,	1,	99,	63.4,	0.55,	24,	135,	51,	8.8,	3.2,	0.05,	0.12,	0,	0.20,	0.51
6800.0, 112.0, 38.0,	15,	2.4, 2.0, 5.0, 59.0, 32.0,	0.25, 59.0, 101.0, 6.0, -10.0,	330, 14.0, 262.0,4,	0,	1,	1,	1,	0.01,	1,	93,	60.3,	0.55,	22,	137,	52,	8.3,	3.0,	0.04,	0.11,	0,	0.18,	0.49
6600.0, 107.0, 39.0,	15,	2.3, 2.0, 5.0, 55.0, 30.0,	0.22, 56.0, 99.0, 6.0, -10.0,	336, 13.0, 242.0,4,	0,	1,	1,	1,	0.01,	1,	88,	57.3,	0.55,	21,	139,	53,	7.8,	2.8,	0.04,	0.10,	0,	0.17,	0.47
6400.0, 102.0, 41.0,	14,	2.2, 2.0, 5.0, 50.0, 28.0,	0.2, 53.0, 97.0, 5.0, -9.0,	344, 13.0, 222.0,4,	0,	1,	1,	1,	0.01,	1,	83,	54.3,	0.55,	20,	141,	53,	7.4,	2.6,	0.04,	0.09,	0,	0.15,	0.45
6200.0, 97.0, 42.0,	14,	2.1, 2.0, 5.0, 47.0, 27.0,	0.18, 49.0, 95.0, 5.0, -9.0,	352, 12.0, 204.0,4,	0,	1,	1,	1,	0.01,	1,	78,	51.4,	0.60,	18,	144,	54,	7.0,	2.5,	0.04,	0.08,	0,	0.14,	0.43
6000.0, 92.0, 43.0,	14,	2, 2.0, 4.0, 43.0, 25.0,	0.16, 46.0, 93.0, 4.0, -8.0,	361, 12.0, 186.0,	2,	0,	1,	1,	1,	0.01,	1,	73,	48.6,	0.60,	17,	147,	54,	6.6,	2.3,	0.04,	0.07,	0,	0.13,	0.41
5800.0, 88.0, 44.0,	14,	2, 2.0, 4.0, 40.0, 24.0,	0.14, 43.0, 91.0, 4.0, -8.0,	370, 11.0, 171.0,	2,	0,	1,	1,	1,	0.01,	1,	68,	45.9,	0.60,	16,	150,	55,	6.2,	2.2,	0.03,	0.06,	0,	0.11,	0.39
5600.0, 83.0, 46.0,	13,	1.9, 2.0, 4.0, 37.0, 22.0,	0.12, 41.0, 88.0, 4.0, -7.0,	380, 11.0, 156.0,	2,	0,	1,	1,	1,	0.01,	1,	64,	43.3,	0.60,	15,	154,	55,	5.8,	2.1,	0.03,	0.06,	0,	0.10,	0.37
5400.0, 79.0, 47.0,	13,	1.8, 1.0, 4.0, 34.0, 21.0,	0.11, 37.0, 86.0, 4.0, -7.0,	391, 10.0, 141.0,	2,	0,	1,	1,	1,	0.01,	1,	60,	40.7,	0.60,	14,	158,	56,	5.4,	2.0,	0.03,	0.05,	0,	0.09,	0.35
5200.0, 75.0, 49.0,	13,	1.7, 1.0, 4.0, 31.0, 19.0,	0.09, 35.0, 84.0, 3.0, -6.0,	402, 10.0, 128.0,	2,	0,	1,	1,	1,	0.01,	1,	56,	38.2,	0.60,	14,	161,	56,	5.0,	1.9,	0.02,	0.04,	0,	0.08,	0.33
5000.0, 71.0, 50.0,	13,	1.6, 1.0, 4.0, 27.0, 18.0,	0.08, 32.0, 82.0, 3.0, -6.0,	413, 9.0, 111.0,	2,	0,	1,	1,	1,	0.01,	1,	52,	35.8,	0.60,	13,	164,	56,	4.6,	1.7,	0.02,	0.04,	0,	0.08,	0.31
4800.0, 67.0, 52.0,	13,	1.5, 1.0, 3.0, 25.0, 17.0,	0.07, 29.0, 79.0, 3.0, -5.0,	425, 9.0, 100.0,	2,	0,	1,	1,	1,	0.01,	1,	48,	33.4,	0.60,	12,	166,	57,	4.2,	1.6,	0.02,	0.04,	0,	0.07,	0.29
4600.0, 63.0, 53.0,	13,	1.4, 1.0, 3.0, 23.0, 15.0,	0.06, 27.0, 76.0, 3.0, -5.0,	437, 8.0, 90.0,	2,	0,	1,	1,	1,	0.01,	1,	44,	31.1,	0.65,	11,	168,	57,	3.9,	1.5,	0.02,	0.03,	0,	0.06,	0.27
4400.0, 60.0, 55.0,	13,	1.3, 1.0, 3.0, 21.0, 14.0,	0.05, 25.0, 74.0, 3.0, -4.0,	449, 8.0, 80.0,	2,	0,	1,	1,	1,	0.01,	1,	41,	28.9,	0.65,	9.9,	171,	58,	3.6,	1.4,	0.02,	0.03,	0,	0.06,	0.25
4200.0, 56.0, 57.0,	13,	1.3, 1.0, 3.0, 18.0, 13.0,	0.04, 22.0, 71.0, 3.0, -4.0,	462, 7.0, 71.0,	2,	0,	1,	1,	1,	0.01,	1,	37,	26.7,	0.65,	9.0,	174,	58,	3.3,	1.3,	0.01,	0.02,	0,	0.05,	0.24
4000.0, 53.0, 58.0,	13,	1.2, 1.0, 3.0, 16.0, 12.0,	0.03, 20.0, 68.0, 2.0, -4.0,	475, 7.0, 63.0,	2,	0,	1,	1,	1,	0.01,	1,	34,	24.6,	0.65,	8.2,	177,	58,	3.1,	1.2,	0.01,	0.02,	0,	0.05,	0.22
3800.0, 49.0, 59.0,	14,	1.1, 1.0, 3.0, 15.0, 10.0,	0.03, 18.0, 65.0, 2.0, -3.0,	489, 6.0, 56.0,	2,	0,	1,	1,	1,	0.01,	1,	31,	22.5,	0.65,	7.5,	180,	59,	2.8,	1.1,	0.01,	0.02,	0,	0.04,	0.20
3600.0, 46.0, 61.0,	14,	1, 1.0, 2.0, 13.0, 9.0,	0.02, 16.0, 62.0, 2.0, -3.0,	502, 6.0, 49.0,	2,	0,	1,	1,	1,	0.01,	1,	28,	20.5,	0.70,	6.8,	184,	59,	2.6,	1.0,	0.01,	0.01,	0,	0.03,	0.19
3400.0, 43.0, 63.0,	14,	0.9, 1.0, 2.0, 12.0, 8.0,	0.02, 14.0, 59.0, 2.0, -3.0,	516, 5.0, 42.0,	2,	0,	1,	1,	1,	0.01,	1,	25,	18.6,	0.70,	6.1,	187,	60,	2.3,	0.9,	0.01,	0.01,	0,	0.03,	0.17
3200.0, 40.0, 65.0,	15,	0.8, 1.0, 2.0, 10.0, 7.0,	0.01, 12.0, 56.0, 2.0, -2.0,	531, 5.0, 37.0,	2,	0,	1,	1,	1,	0.01,	1,	22,	16.7,	0.70,	5.5,	191,	60,	2.1,	0.9,	0.01,	0.01,	0,	0.02,	0.16
3000.0, 37.0, 66.0,	15,	0.8, 1.0, 2.0, 8.0, 7.0,	0.01, 11.0, 53.0, 2.0, -2.0,	545, 5.0, 32.0,	2,	0,	1,	1,	1,	0.01,	1,	20,	14.8,	0.70,	4.9,	194,	61,	1.9,	0.8,	0,	0.01,	0,	0.02,	0.14
2800.0, 35.0, 68.0,	15,	0.7, 1.0, 2.0, 7.0, 6.0,	0.01, 9.0, 50.0, 1.0, -2.0,	560, 4.0, 27.0,	2,	0,	1,	1,	1,	0.01,	1,	17,	13.0,	0.70,	4.3,	197,	61,	1.6,	0.7,	0,	0.01,	0,	0.01,	0.12
2600.0, 31.0, 70.0,	16,	0.6, 1.0, 2.0, 6.0, 5.0,	0.01, 8.0, 47.0, 1.0, -2.0,	575, 4.0, 23.0,	2,	0,	1,	1,	1,	0.01,	1,	14,	11.3,	0.70,	3.7,	199,	62,	1.4,	0.6,	0,	0,	0,	0.01,	0.10
2400.0, 28.0, 72.0,	16,	0.5, 1.0, 2.0, 5.0, 4.0,	0, 7.0, 43.0, 1.0, -1.0,	590, 4.0, 19.0,	2,	0,	1,	1,	1,	0.01,	1,	12,	9.6,	0.75,	3.1,	200,	62,	1.1,	0.5,	0,	0,	0,	0.01,	0.08
2200.0, 26.0, 74.0,	17,	0.4, 1.0, 1.0, 4.0, 4.0,	0, 6.0, 40.0, 1.0, -1.0,	606, 3.0, 16.0,	2,	0,	1,	1,	1,	0.01,	1,	10,	7.9,	0.75,	2.5,	200,	62,	0.9,	0.4,	0,	0,	0,	0.01,	0.06
2000.0, 23.0, 76.0,	17,	0.3, 0.0, 1.0, 3.0, 3.0,	0, 5.0, 37.0, 1.0, -1.0,	622, 3.0, 13.0,	2,	0,	1,	1,	1,	0.01,	1,	7,	6.2,	0.75,	2.0,	200,	62,	0.7,	0.3,	0,	0,	0,	0,	0.04
1800.0, 20.0, 78.0,	18,	0.3, 0.0, 1.0, 3.0, 2.0,	0, 4.0, 33.0, 1.0, -1.0,	638, 2.0, 9.0,	2,	0,	1,	1,	1,	0.01,	1,	5,	4.6,	0.75,	1.5,	200,	63,	0.5,	0.3,	0,	0,	0,	0,	0.03
1600.0, 18.0, 79.0,	18,	0.2, 0.0, 1.0, 2.0, 2.0,	0, 3.0, 30.0, 1.0, -1.0,	654, 2.0, 7.0,	2,	0,	1,	1,	1,	0.01,	1,	3,	3.1,	0.75,	1,	200,	63,	0.4,	0.2,	0,	0,	0,	0,	0.02
1400.0, 16.0, 82.0,	19,	0.1, 0.0, 1.0, 2.0, 1.0,	0, 2.0, 26.0, 0.0, 0.0,	670, 2.0, 6.0,	2,	0,	1,	1,	1,	0.01,	1,	0,	0,	0,	0,	0,	0,	0,	0,	0,	0,	0,	0,	0
1200.0, 13.0, 84.0,	19,	0.1, 0.0, 1.0, 1.0, 1.0,	0, 2.0, 23.0, 0.0, 0.0,	670, 1.0, 4.0,	2,	0,	1,	1,	1,	0.01,	1,	0,	0,	0,	0,	0,	0,	0,	0,	0,	0,	0,	0,	0
1000.0, 10.0, 86.0,	19,	0.1, 0.0, 1.0, 1.0, 1.0,	0, 1.0, 19.0, 0.0, 0.0,	670, 1.0, 3.0,	2,	0,	1,	1,	1,	0.01,	1,	0,	0,	0,	0,	0,	0,	0,	0,	0,	0,	0,	0,	0
800.0, 8.0, 88.0,	19,	0.1, 0.0, 0.0, 1.0, 0.0,	0, 1.0, 16.0, 0.0, 0.0,	670, 1.0, 2.0,	2,	0,	1,	1,	1,	0.01,	1,	0,	0,	0,	0,	0,	0,	0,	0,	0,	0,	0,	0,	0
600.0, 6.0, 90.0,	19,	0.1, 0.0, 0.0, 0.0, 0.0,	0, 0.0, 12.0, 0.0, 0.0,	670, 0.0, 1.0,	2,	0,	1,	1,	1,	0.01,	1,	0,	0,	0,	0,	0,	0,	0,	0,	0,	0,	0,	0,	0
400.0, 4.0, 92.0,	19,	0.1, 0.0, 0.0, 0.0, 0.0,	0, 0.0, 8.0, 0.0, 0.0,	670, 0.0, 0.0,	2,	0,	1,	1,	1,	0.01,	1,	0,	0,	0,	0,	0,	0,	0,	0,	0,	0,	0,	0,	0
200.0, 2.0, 94.0,	19,	0.1, 0.0, 0.0, 0.0, 0.0,	0, 0.0, 4.0, 0.0, 0.0,	670, 0.0, 0.0,	2,	0,	1,	1,	1,	0.01,	1,	0,	0,	0,	0,	0,	0,	0,	0,	0,	0,	0,	0,	0
