6089.34, 731.0, 0.0,	36,	8.8, 14.7, 8.0, 93.26, 14.39,	0.06, 34.78, 101.48,	43.36,	48,	227, 35.98, 1588.32,16,	13,	727,	32,	0,	0,	2,	0,	0,	0,	0,	0,	0,	0,	0,	0,	0,	0,	0,	0
6000.0, 641.0, 1.0,	35,	7.8, 12.0, 6.0, 87.0, 14.0,	0.05, 33.0, 100.0,	38.07,	43,	226, 33.0, 1379.0,	16,	11.4,	620,	27,	5,	0.05,	2,	0,	0,	0,	0,	0,	0,	0,	0,	0,	0,	0,	0,	0
5800.0, 574.0, 2.0,	34,	6.9, 10.0, 6.0, 79.0, 13.0,	0.05, 31.0, 98.0,	34.19,	39,	226, 30.0, 1152.0,12,	6.4,	563,	26,	1,	0.02,	1,	0,	0,	0,	0,	0,	0,	0,	0,	0,	0,	0,	0,	0
5600.0, 527.0, 4.0,	32,	6.2, 8.0, 6.0, 70.0, 12.0,	0.04, 29.0, 95.0,	31.39,	36,	226, 27.0, 953.0,	12,	4.8,	521,	24,	2,	0.05,	1,	0,	0,	0,	0,	0,	0,	0,	0,	0,	0,	0,	0,	0
5400.0, 490.0, 5.0,	31,	5.6, 8.0, 5.0, 64.0, 11.0,	0.04, 27.0, 92.0,	29.29,	33,	227, 26.0, 831.0,8,	3.9,	486,	22,	2,	0.06,	1,	0,	0,	0,	0,	0,	0,	0,	0,	0,	0,	0,	0,	0
5200.0, 457.0, 6.0,	29,	5.1, 7.0, 5.0, 59.0, 10.0,	0.04, 26.0, 89.0,	27.36,	31,	227, 24.0, 733.0,	8,	3.4,	456,	21,	1,	0.03,	1,	0,	0,	0,	0,	0,	0,	0,	0,	0,	0,	0,	0,	0
5000.0, 428.0, 6.0,	28,	4.7, 7.0, 5.0, 54.0, 9.0,	0.03, 24.0, 86.0,	25.54,	29,	228, 23.0, 650.0,	8,	3,	429,	19,	2,	0.04,	1,	0,	0,	0,	0,	0,	0,	0,	0,	0,	0,	0,	0,	0
4800.0, 401.0, 7.0,	27,	4.2, 6.0, 4.0, 49.0, 9.0,	0.03, 22.0, 83.0,	24.20,	27,	229, 21.0, 577.0,	8,	2.6,	404,	18,	1,	0.04,	1,	0,	0,	0,	0,	0,	0,	0,	0,	0,	0,	0,	0,	0
4600.0, 376.0, 8.0,	26,	3.9, 6.0, 4.0, 45.0, 8.0,	0.03, 20.0, 80.0,	22.54,	26,	230, 20.0, 513.0,4,	2.4,	380,	17,	1,	0.04,	1,	0,	0,	0,	0,	0,	0,	0,	0,	0,	0,	0,	0,	0
4400.0, 353.0, 8.0,	25,	3.5, 5.0, 4.0, 41.0, 7.0,	0.02, 19.0, 77.0,	21.33,	24,	231, 19.0, 456.0,4,	2.1,	358,	17,	0,	0.05,	1,	0,	0,	0,	0,	0,	0,	0,	0,	0,	0,	0,	0,	0
4200.0, 331.0, 9.0,	23,	3.2, 5.0, 4.0, 37.0, 7.0,	0.02, 17.0, 74.0,	20.16,	23,	232, 18.0, 404.0,	4,	2,	337,	16,	1,	0.05,	1,	0,	0,	0,	0,	0,	0,	0,	0,	0,	0,	0,	0,	0
4000.0, 310.0, 9.0,	22,	2.9, 5.0, 4.0, 33.0, 6.0,	0.02, 16.0, 71.0,	19.02,	21,	234, 17.0, 357.0,	4,	1.8,	317,	15,	1,	0.05,	1,	0,	0,	0,	0,	0,	0,	0,	0,	0,	0,	0,	0,	0
3800.0, 290.0, 9.0,	21,	2.6, 4.0, 3.0, 30.0, 5.0,	0.02, 14.0, 68.0,	17.52,	20,	235, 16.0, 315.0,	4,	1.7,	298,	14,	1,	0.05,	1,	0,	0,	0,	0,	0,	0,	0,	0,	0,	0,	0,	0,	0
3600.0, 271.0, 10.0,	20,	2.3, 4.0, 3.0, 27.0, 5.0,	0.02, 13.0, 65.0,	16.45,	18,	237, 15.0, 277.0,2,	1.6,	279,	13,	1,	0.05,	1,	0,	0,	0,	0,	0,	0,	0,	0,	0,	0,	0,	0,	0
3400.0, 252.0, 10.0,	19,	2.1, 4.0, 3.0, 24.0, 4.0,	0.01, 11.0, 61.0,	15.40,	17,	238, 14.0, 242.0,2,	1.5,	262,	13,	0,	0.01,	1,	0,	0,	0,	0,	0,	0,	0,	0,	0,	0,	0,	0,	0
3200.0, 234.0, 11.0,	18,	1.9, 3.0, 3.0, 21.0, 4.0,	0.01, 10.0, 58.0,	14.37,	16,	240, 13.0, 211.0,2,	1.4,	245,	12,	1,	0.06,	1,	0,	0,	0,	0,	0,	0,	0,	0,	0,	0,	0,	0,	0
3000.0, 217.0, 11.0,	17,	1.7, 3.0, 3.0, 19.0, 3.0,	0.01, 9.0, 55.0,	13.37,	15,	241, 12.0, 182.0,	2,	1.3,	228,	11,	1,	0.06,	1,	0,	0,	0,	0,	0,	0,	0,	0,	0,	0,	0,	0,	0
2800.0, 200.0, 11.0,	16,	1.5, 3.0, 2.0, 16.0, 3.0,	0.01, 8.0, 51.0,	12.37,	14,	243, 11.0, 155.0,	2,	1.1,	1,	1,	1,	0.01,	1,	0,	0,	0,	0,	0,	0,	0,	0,	0,	0,	0,	0,	0
2600.0, 184.0, 12.0,	15,	1.3, 3.0, 2.0, 14.0, 3.0,	0.01, 7.0, 48.0,	11.40,	13,	245, 10.0, 132.0,	2,	1.1,	1,	1,	1,	0.01,	1,	0,	0,	0,	0,	0,	0,	0,	0,	0,	0,	0,	0,	0
2400.0, 168.0, 12.0,	14,	1.1, 2.0, 2.0, 12.0, 2.0,	0.01, 6.0, 45.0,	10.44,	11,	247, 9.0, 111.0,	2,	1,	1,	1,	1,	0.01,	1,	0,	0,	0,	0,	0,	0,	0,	0,	0,	0,	0,	0,	0
2200.0, 152.0, 12.0,	13,	1, 2.0, 2.0, 10.0, 2.0,	0.01, 5.0, 41.0,	9.49,	10,	249, 8.0, 91.0,	2,	0.9,	1,	1,	1,	0.01,	1,	0,	0,	0,	0,	0,	0,	0,	0,	0,	0,	0,	0,	0
2000.0, 137.0, 13.0,	12,	0.8, 2.0, 2.0, 8.0, 2.0,	0.01, 4.0, 38.0,	8.55,	9.4,	251, 7.0, 74.0,	2,	0.8,	1,	1,	1,	0.01,	1,	0,	0,	0,	0,	0,	0,	0,	0,	0,	0,	0,	0,	0
1800.0, 122.0, 13.0,	11,	0.7, 2.0, 2.0, 7.0, 1.0,	0, 3.0, 34.0,	8.03,	8.4,	253, 6.0, 59.0,	2,	0.5,	1,	1,	1,	0.01,	1,	0,	0,	0,	0,	0,	0,	0,	0,	0,	0,	0,	0,	0
1600.0, 108.0, 13.0,	9.8,	0.6, 2.0, 1.0, 5.0, 1.0,	0, 3.0, 30.0,	7.12,	7.5,	255, 6.0, 46.0,	2,	0.4,	1,	1,	1,	0.01,	1,	0,	0,	0,	0,	0,	0,	0,	0,	0,	0,	0,	0,	0
1400.0, 94.0, 13.0,	8.8,	0.5, 1.0, 1.0, 4.0, 1.0,	0, 2.0, 27.0,	6.21,	6.6,	257, 5.0, 34.0,	2,	0.3,	1,	1,	1,	0.01,	1,	0,	0,	0,	0,	0,	0,	0,	0,	0,	0,	0,	0,	0
1200.0, 80.0, 14.0,	7.8,	0.4, 1.0, 1.0, 3.0, 1.0,	0, 2.0, 23.0,	5.31,	5.7,	259, 4.0, 25.0,	2,	0.3,	1,	1,	1,	0.01,	1,	0,	0,	0,	0,	0,	0,	0,	0,	0,	0,	0,	0,	0
1000.0, 66.0, 14.0,	6.9,	0.3, 1.0, 1.0, 2.0, 0.0,	0, 1.0, 19.0,	4.43,	4.8,	261, 3.0, 17.0,	2,	0.3,	1,	1,	1,	0.01,	1,	0,	0,	0,	0,	0,	0,	0,	0,	0,	0,	0,	0,	0
800.0, 52.0, 14.0,	6,	0.2, 1.0, 1.0, 1.0, 0.0,	0, 1.0, 16.0,	3.55,	3.9,	263, 3.0, 11.0,	2,	0.3,	1,	1,	1,	0.01,	1,	0,	0,	0,	0,	0,	0,	0,	0,	0,	0,	0,	0,	0
600.0, 39.0, 14.0,	5.1,	0.2, 1.0, 1.0, 1.0, 0.0,	0, 0.0, 12.0,	3.07,	3.1,	265, 2.0, 6.0,	2,	0.3,	1,	1,	1,	0.01,	1,	0,	0,	0,	0,	0,	0,	0,	0,	0,	0,	0,	0,	0
400.0, 26.0, 14.0,	4.4,	0.1, 0.0, 0.0, 0.0, 0.0,	0, 0.0, 8.0,	2.21,	2.3,	268, 1.0, 3.0,	2,	0.3,	1,	1,	1,	0.01,	1,	0,	0,	0,	0,	0,	0,	0,	0,	0,	0,	0,	0,	0
200.0, 13.0, 15.0,	3.7,	0.1, 0.0, 0.0, 0.0, 0.0,	0, 0.0, 4.0,	1.35,	1.5,	270, 0.0, 1.0,	2,	0.3,	1,	1,	1,	0.01,	1,	0,	0,	0,	0,	0,	0,	0,	0,	0,	0,	0,	0,	0
