13744.69, 746.39, 0.0,	37,	12, 18.7, 16.0, 404.04, 82.17,	0.96, 240.17, 136.87, 44.0, -55.75,	297, 57.78, 4223.29,40,	-2.8,	744,	48,	0,	0,	2,	750,	280.7,	0.30,	121,	78,	37,	43,	12,	1.48,	0.70,	0.007,	2.32,	1.48
13600.0, 663.0, 2.0,	37,	12, 15.0, 14.0, 389.0, 79.0,	0.94, 239.0, 134.0, 40.0, -52.0,	294, 54.0, 3707.0,40,	-2.8,	719,	47,	1,	0.04,	2,	750,	280.7,	0.30,	121,	78,	37,	43,	12,	1.48,	0.70,	0.007,	2.32,	1.48
13400.0, 621.0, 4.0,	36,	11, 14.0, 14.0, 376.0, 77.0,	0.9, 235.0, 132.0, 37.0, -50.0,	288, 51.0, 3398.0,	40,	-2.7,	650,	44,	3,	0.04,	2,	750,	280.7,	0.30,	121,	78,	37,	43,	12,	1.48,	0.70,	0.007,	2.32,	1.48
13200.0, 590.0, 6.0,	35,	10, 12.0, 14.0, 363.0, 74.0,	0.87, 231.0, 130.0, 36.0, -48.0,	285, 49.0, 3188.0,30,	-1.7,	612,	42,	2,	0.05,	2,	664,	255.2,	0.30,	114,	86,	38,	39,	11,	1.39,	0.63,	0.006,	2.10,	1.36
13000.0, 564.0, 8.0,	34,	9.8, 12.0, 13.0, 352.0, 72.0,	0.84, 227.0, 129.0, 35.0, -47.0,	282, 48.0, 3015.0,30,	-1.3,	582,	40,	2,	0.07,	2,	622,	242.1,	0.30,	109,	90,	38,	36,	11,	1.32,	0.60,	0.006,	1.98,	1.30
12800.0, 541.0, 9.0,	33,	9.4, 11.0, 13.0, 342.0, 70.0,	0.81, 223.0, 127.0, 34.0, -45.0,	280, 46.0, 2867.0,30,	-1.0,	557,	39,	1,	0.04,	2,	589,	231.8,	0.30,	105,	92,	38,	34,	9.8,	1.26,	0.57,	0.006,	1.88,	1.25
12600.0, 520.0, 10.0,	32,	9, 11.0, 13.0, 332.0, 68.0,	0.78, 219.0, 126.0, 33.0, -44.0,	278, 45.0, 2736.0,30,	-0.9,	534,	37,	2,	0.04,	2,	561,	222.9,	0.35,	101,	93,	38,	33,	9.4,	1.20,	0.54,	0.006,	1.79,	1.21
12400.0, 501.0, 10.0,	32,	8.6, 10.0, 13.0, 322.0, 66.0,	0.76, 214.0, 125.0, 32.0, -43.0,	277, 44.0, 2619.0,	30,	-0.7,	514,	36,	1,	0.05,	2,	537,	215.0,	0.35,	97,	95,	38,	32,	9.0,	1.15,	0.52,	0.005,	1.71,	1.18
12200.0, 483.0, 11.0,	31,	8.2, 10.0, 12.0, 312.0, 64.0,	0.74, 209.0, 123.0, 31.0, -42.0,	276, 43.0, 2513.0,	30,	-0.7,	494,	35,	1,	0.05,	2,	515,	207.7,	0.35,	94,	96,	38,	31,	8.6,	1.10,	0.50,	0.005,	1.64,	1.15
12000.0, 466.0, 11.0,	30,	7.9, 9.0, 12.0, 303.0, 63.0,	0.73, 204.0, 122.0, 30.0, -41.0,	275, 42.0, 2415.0,	24,	-0.6,	476,	34,	1,	0.06,	2,	494,	200.8,	0.35,	90,	98,	38,	30,	8.2,	1.05,	0.48,	0.005,	1.57,	1.12
11800.0, 450.0, 12.0,	30,	7.6, 9.0, 12.0, 293.0, 61.0,	0.71, 199.0, 121.0, 29.0, -40.0,	274, 41.0, 2325.0,	24,	-0.5,	459,	33,	1,	0.06,	2,	475,	194.3,	0.35,	87,	99,	38,	29,	7.9,	1.00,	0.46,	0.005,	1.51,	1.09
11600.0, 434.0, 13.0,	29,	7.3, 8.0, 12.0, 283.0, 59.0,	0.69, 194.0, 120.0, 28.0, -39.0,	273, 40.0, 2241.0,	24,	-0.5,	443,	32,	1,	0.06,	1,	457,	188.2,	0.35,	84,	100,	38,	28,	7.6,	0.95,	0.44,	0.005,	1.45,	1.06
11400.0, 419.0, 13.0,	29,	7, 8.0, 12.0, 274.0, 58.0,	0.68, 189.0, 118.0, 27.0, -38.0,	272, 39.0, 2164.0,	20,	-0.4,	427,	31,	1,	0.06,	1,	440,	182.3,	0.35,	81,	101,	38,	27,	7.3,	0.90,	0.43,	0.005,	1.39,	1.04
11200.0, 405.0, 14.0,	28,	6.8, 8.0, 11.0, 265.0, 57.0,	0.66, 184.0, 117.0, 27.0, -37.0,	272, 38.0, 2091.0,	20,	-0.3,	412,	30,	1,	0.07,	1,	423,	176.6,	0.35,	78,	101,	38,	26,	7.1,	0.86,	0.42,	0.005,	1.33,	1.02
11000.0, 392.0, 14.0,	27,	6.5, 7.0, 11.0, 256.0, 55.0,	0.65, 179.0, 116.0, 26.0, -36.0,	272, 37.0, 2023.0,	20,	-0.3,	398,	29,	1,	0.07,	1,	407,	171.1,	0.35,	75,	102,	38,	25,	6.9,	0.81,	0.40,	0.005,	1.27,	1.00
10800.0, 378.0, 15.0,	27,	6.3, 7.0, 11.0, 247.0, 54.0,	0.64, 174.0, 115.0, 25.0, -35.0,	271, 37.0, 1960.0,	20,	-0.2,	384,	28,	1,	0.07,	1,	392,	165.9,	0.35,	72,	102,	38,	25,	6.7,	0.76,	0.39,	0.004,	1.21,	0.98
10600.0, 366.0, 15.0,	26,	6, 7.0, 11.0, 238.0, 52.0,	0.62, 169.0, 114.0, 25.0, -34.0,	271, 36.0, 1900.0,20,	-0.2,	370,	27,	1,	0.07,	1,	377,	160.8,	0.35,	69,	103,	39,	25,	6.5,	0.72,	0.38,	0.004,	1.16,	0.96
10400.0, 353.0, 16.0,	26,	5.8, 7.0, 11.0, 230.0, 51.0,	0.61, 164.0, 113.0, 24.0, -33.0,	271, 35.0, 1844.0,20,	-0.1,	357,	26,	1,	0.08,	1,	363,	155.8,	0.35,	66,	103,	39,	24,	6.3,	0.68,	0.36,	0.004,	1.10,	0.94
10200.0, 341.0, 16.0,	25,	5.6, 6.0, 10.0, 221.0, 50.0,	0.6, 159.0, 112.0, 23.0, -33.0,	271, 34.0, 1791.0,	16,	-0.1,	344,	26,	0,	0.01,	1,	350,	150.9,	0.35,	64,	104,	39,	23,	6.1,	0.64,	0.35,	0.004,	1.05,	0.92
10000.0, 329.0, 16.0,	25,	5.4, 6.0, 10.0, 212.0, 48.0,	0.58, 153.0, 111.0, 23.0, -32.0,	272, 33.0, 1743.0,	16,	0,	332,	25,	1,	0.08,	1,	336,	146.1,	0.35,	61,	104,	39,	22,	5.9,	0.60,	0.34,	0.004,	1.00,	0.90
9800.0, 318.0, 17.0,	24,	5.2, 6.0, 10.0, 204.0, 47.0,	0.57, 148.0, 110.0, 22.0, -31.0,	272, 33.0, 1696.0,16,	0,	320,	24,	1,	0.08,	1,	323,	141.4,	0.35,	59,	104,	39,	21,	5.8,	0.56,	0.33,	0.004,	0.95,	0.89
9600.0, 307.0, 18.0,	24,	5, 6.0, 10.0, 196.0, 46.0,	0.56, 143.0, 109.0, 22.0, -30.0,	272, 32.0, 1653.0,16,	0,	308,	23,	1,	0.08,	1,	311,	136.8,	0.35,	57,	105,	39,	20,	5.7,	0.52,	0.32,	0.004,	0.90,	0.87
9400.0, 296.0, 18.0,	23,	4.8, 5.0, 10.0, 187.0, 45.0,	0.55, 138.0, 108.0, 21.0, -29.0,	273, 31.0, 1613.0,16,	0,	296,	22,	1,	0.08,	1,	299,	132.3,	0.35,	55,	106,	39,	20,	5.7,	0.48,	0.31,	0.003,	0.85,	0.85
9200.0, 286.0, 18.0,	23,	4.6, 5.0, 10.0, 179.0, 44.0,	0.53, 133.0, 107.0, 21.0, -29.0,	274, 30.0, 1575.0,16,	0,	285,	22,	0,	0.09,	1,	287,	127.9,	0.35,	53,	106,	39,	19,	5.6,	0.45,	0.30,	0.003,	0.80,	0.83
9000.0, 275.0, 19.0,	23,	4.4, 5.0, 9.0, 171.0, 42.0,	0.52, 128.0, 106.0, 20.0, -28.0,	274, 30.0, 1540.0,16,	0,	274,	21,	1,	0.09,	1,	275,	123.6,	0.40,	51,	107,	39,	19,	5.6,	0.41,	0.29,	0.003,	0.75,	0.81
8800.0, 265.0, 19.0,	22,	4.2, 5.0, 9.0, 163.0, 41.0,	0.51, 123.0, 105.0, 20.0, -27.0,	275, 29.0, 1504.0,16,	0,	263,	20,	1,	0.09,	1,	264,	119.4,	0.40,	49,	107,	39,	18,	5.5,	0.38,	0.28,	0.003,	0.71,	0.80
8600.0, 255.0, 20.0,	22,	4.1, 5.0, 9.0, 155.0, 40.0,	0.49, 118.0, 104.0, 18.0, -25.0,	276, 27.0, 1247.0,12,	0,	252,	19,	1,	0.09,	1,	253,	115.2,	0.40,	47,	108,	40,	17,	5.4,	0.34,	0.27,	0.003,	0.67,	0.78
8400.0, 246.0, 20.0,	21,	3.9, 4.0, 9.0, 147.0, 39.0,	0.48, 113.0, 103.0, 16.0, -24.0,	277, 25.0, 1096.0,12,	0,	242,	18,	1,	0.10,	1,	242,	111.1,	0.40,	45,	109,	40,	17,	5.4,	0.31,	0.26,	0.003,	0.63,	0.76
8200.0, 236.0, 21.0,	21,	3.8, 4.0, 9.0, 139.0, 38.0,	0.46, 108.0, 102.0, 15.0, -22.0,	279, 24.0, 990.0,12,	0,	232,	18,	0,	0.10,	1,	232,	107.1,	0.40,	43,	110,	40,	16,	5.3,	0.28,	0.25,	0.003,	0.59,	0.74
8000.0, 227.0, 21.0,	20,	3.6, 4.0, 8.0, 132.0, 37.0,	0.45, 103.0, 101.0, 14.0, -21.0,	280, 23.0, 902.0,	8,	0.1,	222,	17,	1,	0.10,	1,	221,	103.1,	0.40,	42,	111,	41,	16,	5.3,	0.26,	0.24,	0.002,	0.55,	0.72
7800.0, 218.0, 22.0,	20,	3.5, 4.0, 8.0, 125.0, 36.0,	0.43, 98.0, 99.0, 14.0, -20.0,	282, 22.0, 827.0,	8,	0.1,	212,	17,	0,	0.10,	1,	211,	99.2,	0.40,	40,	112,	41,	15,	5.2,	0.23,	0.23,	0.002,	0.51,	0.71
7600.0, 209.0, 22.0,	20,	3.3, 4.0, 8.0, 118.0, 35.0,	0.42, 93.0, 98.0, 13.0, -19.0,	283, 21.0, 760.0,	8,	0.1,	203,	16,	1,	0.11,	1,	201,	95.4,	0.40,	38,	114,	42,	14,	5.1,	0.20,	0.22,	0.002,	0.47,	0.69
7400.0, 200.0, 23.0,	19,	3.2, 4.0, 8.0, 111.0, 33.0,	0.4, 88.0, 97.0, 12.0, -19.0,	285, 20.0, 698.0,8,	0.1,	194,	16,	0,	0.11,	1,	192,	91.6,	0.40,	37,	115,	42,	14,	5.0,	0.18,	0.21,	0.002,	0.44,	0.67
7200.0, 192.0, 23.0,	19,	3, 3.0, 8.0, 104.0, 32.0,	0.38, 84.0, 96.0, 12.0, -18.0,	287, 20.0, 641.0,8,	0.1,	184,	15,	1,	0.11,	1,	183,	87.8,	0.40,	36,	116,	43,	13,	4.9,	0.16,	0.20,	0.002,	0.40,	0.66
7000.0, 183.0, 24.0,	18,	2.9, 3.0, 7.0, 97.0, 31.0,	0.37, 79.0, 94.0, 11.0, -17.0,	289, 19.0, 589.0,8,	0.2,	175,	14,	1,	0.11,	1,	173,	84.1,	0.40,	34,	117,	43,	13,	4.8,	0.14,	0.19,	0.001,	0.37,	0.64
6800.0, 175.0, 24.0,	18,	2.8, 3.0, 7.0, 91.0, 30.0,	0.35, 75.0, 93.0, 10.0, -16.0,	291, 18.0, 542.0,	4,	0.2,	167,	13,	1,	0.12,	1,	164,	80.5,	0.40,	33,	119,	44,	12,	4.7,	0.12,	0.18,	0.001,	0.34,	0.62
6600.0, 167.0, 25.0,	18,	2.7, 3.0, 7.0, 84.0, 29.0,	0.33, 70.0, 91.0, 10.0, -15.0,	293, 17.0, 497.0,	4,	0.2,	158,	13,	0,	0.12,	1,	156,	76.9,	0.40,	32,	120,	44,	11,	4.5,	0.10,	0.17,	0.001,	0.31,	0.60
6400.0, 160.0, 25.0,	17,	2.6, 3.0, 7.0, 78.0, 28.0,	0.3, 66.0, 90.0, 10.0, -14.0,	295, 17.0, 455.0,	4,	0.2,	150,	13,	0,	0.13,	1,	147,	73.4,	0.45,	30,	121,	45,	11,	4.2,	0.08,	0.16,	0.001,	0.28,	0.58
6200.0, 152.0, 26.0,	17,	2.4, 3.0, 7.0, 72.0, 26.0,	0.28, 61.0, 88.0, 9.0, -14.0,	298, 16.0, 416.0,	4,	0.2,	142,	12,	1,	0.13,	1,	139,	69.9,	0.45,	28,	122,	45,	10,	3.9,	0.07,	0.15,	0.001,	0.26,	0.56
6000.0, 145.0, 27.0,	16,	2.3, 3.0, 6.0, 67.0, 25.0,	0.26, 57.0, 87.0, 8.0, -13.0,	301, 15.0, 380.0,	2,	0.2,	134,	11,	1,	0.13,	1,	131,	66.5,	0.45,	27,	123,	46,	9.7,	3.6,	0.06,	0.14,	0,	0.23,	0.54
5800.0, 137.0, 28.0,	16,	2.2, 2.0, 6.0, 61.0, 24.0,	0.23, 53.0, 85.0, 8.0, -12.0,	304, 14.0, 346.0,	2,	0.2,	126,	11,	0,	0.13,	1,	123,	63.1,	0.45,	25,	124,	46,	9.2,	3.3,	0.05,	0.13,	0,	0.21,	0.52
5600.0, 130.0, 28.0,	16,	2.1, 2.0, 6.0, 56.0, 23.0,	0.21, 49.0, 83.0, 8.0, -12.0,	307, 14.0, 314.0,	2,	0.2,	1,	1,	1,	0.01,	1,	116,	59.8,	0.45,	23,	125,	47,	8.7,	3.0,	0.04,	0.12,	0,	0.19,	0.50
5400.0, 124.0, 29.0,	15,	2, 2.0, 6.0, 51.0, 22.0,	0.19, 46.0, 81.0, 7.0, -11.0,	310, 13.0, 284.0,	2,	0.2,	1,	1,	1,	0.01,	1,	108,	56.5,	0.45,	21,	126,	47,	8.2,	2.8,	0.04,	0.11,	0,	0.17,	0.48
5200.0, 117.0, 30.0,	15,	1.9, 2.0, 5.0, 47.0, 21.0,	0.16, 42.0, 79.0, 6.0, -10.0,	314, 12.0, 257.0,	2,	0.2,	1,	1,	1,	0.01,	1,	101,	53.2,	0.45,	20,	127,	48,	7.7,	2.6,	0.03,	0.09,	0,	0.15,	0.46
5000.0, 111.0, 31.0,	14,	1.8, 2.0, 5.0, 43.0, 19.0,	0.14, 39.0, 77.0, 6.0, -10.0,	318, 12.0, 231.0,	2,	0.2,	1,	1,	1,	0.01,	1,	94,	50.0,	0.45,	18,	128,	48,	7.2,	2.4,	0.03,	0.08,	0,	0.14,	0.44
4800.0, 104.0, 32.0,	14,	1.7, 2.0, 5.0, 39.0, 18.0,	0.12, 36.0, 75.0, 6.0, -9.0,	323, 11.0, 207.0,	2,	0.2,	1,	1,	1,	0.01,	1,	88,	46.9,	0.50,	17,	130,	49,	6.7,	2.2,	0.03,	0.07,	0,	0.12,	0.41
4600.0, 98.0, 33.0,	14,	1.6, 2.0, 5.0, 35.0, 17.0,	0.1, 33.0, 72.0, 6.0, -8.0,	329, 11.0, 185.0,	2,	0.2,	1,	1,	1,	0.01,	1,	81,	43.9,	0.50,	16,	132,	50,	6.2,	2.0,	0.03,	0.06,	0,	0.11,	0.39
4400.0, 93.0, 34.0,	13,	1.5, 2.0, 4.0, 31.0, 15.0,	0.09, 30.0, 70.0, 5.0, -8.0,	336, 10.0, 164.0,	2,	0.2,	1,	1,	1,	0.01,	1,	75,	41.0,	0.50,	15,	134,	50,	5.8,	1.8,	0.03,	0.05,	0,	0.10,	0.37
4200.0, 87.0, 35.0,	13,	1.5, 2.0, 4.0, 28.0, 14.0,	0.07, 27.0, 68.0, 4.0, -7.0,	344, 9.0, 146.0,	2,	0.2,	1,	1,	1,	0.01,	1,	69,	38.1,	0.50,	14,	136,	51,	5.4,	1.6,	0.03,	0.05,	0,	0.08,	0.35
4000.0, 81.0, 37.0,	12,	1.4, 1.0, 4.0, 25.0, 13.0,	0.06, 25.0, 65.0, 4.0, -7.0,	353, 9.0, 128.0,	2,	0.2,	1,	1,	1,	0.01,	1,	64,	35.3,	0.50,	13,	138,	51,	5.0,	1.5,	0.02,	0.04,	0,	0.07,	0.32
3800.0, 76.0, 38.0,	12,	1.3, 1.0, 4.0, 22.0, 12.0,	0.05, 22.0, 63.0, 4.0, -6.0,	363, 8.0, 112.0,	2,	0.2,	1,	1,	1,	0.01,	1,	58,	32.6,	0.50,	12,	141,	52,	4.6,	1.4,	0.02,	0.03,	0,	0.06,	0.30
3600.0, 71.0, 39.0,	12,	1.2, 1.0, 3.0, 20.0, 11.0,	0.04, 20.0, 60.0, 4.0, -6.0,	373, 8.0, 97.0,	2,	0.2,	1,	1,	1,	0.01,	1,	53,	30.0,	0.50,	11,	143,	53,	4.2,	1.3,	0.02,	0.03,	0,	0.05,	0.28
3400.0, 66.0, 40.0,	12,	1.1, 1.0, 3.0, 17.0, 9.0,	0.03, 18.0, 58.0, 3.0, -5.0,	384, 7.0, 84.0,	2,	0.2,	1,	1,	1,	0.01,	1,	48,	27.4,	0.50,	10,	145,	53,	3.8,	1.2,	0.02,	0.02,	0,	0.04,	0.26
3200.0, 61.0, 41.0,	11,	1, 1.0, 3.0, 15.0, 8.0,	0.03, 16.0, 55.0, 3.0, -5.0,	395, 7.0, 72.0,	2,	0.2,	1,	1,	1,	0.01,	1,	43,	24.9,	0.50,	9.0,	147,	54,	3.5,	1.1,	0.01,	0.02,	0,	0.03,	0.23
3000.0, 56.0, 42.0,	11,	0.9, 1.0, 3.0, 13.0, 7.0,	0.02, 14.0, 52.0, 3.0, -4.0,	407, 6.0, 62.0,	2,	0.2,	1,	1,	1,	0.01,	1,	39,	22.5,	0.55,	8.0,	149,	54,	3.1,	1.0,	0.01,	0.02,	0,	0.02,	0.21
2800.0, 52.0, 44.0,	11,	0.8, 1.0, 3.0, 11.0, 6.0,	0.02, 12.0, 49.0, 2.0, -4.0,	420, 6.0, 52.0,	2,	0.2,	1,	1,	1,	0.01,	1,	34,	20.2,	0.55,	7.0,	150,	55,	2.8,	0.9,	0.01,	0.01,	0,	0.02,	0.19
2600.0, 47.0, 45.0,	11,	0.8, 1.0, 2.0, 10.0, 6.0,	0.01, 10.0, 46.0, 2.0, -3.0,	433, 5.0, 43.0,	2,	0.2,	1,	1,	1,	0.01,	1,	30,	17.9,	0.55,	6.1,	150,	55,	2.4,	0.7,	0.01,	0.01,	0,	0.02,	0.17
2400.0, 43.0, 46.0,	11,	0.7, 1.0, 2.0, 8.0, 5.0,	0.01, 9.0, 43.0, 2.0, -3.0,	446, 5.0, 35.0,	2,	0.2,	1,	1,	1,	0.01,	1,	26,	15.7,	0.55,	5.3,	150,	56,	2.1,	0.6,	0.01,	0.01,	0,	0.02,	0.15
2200.0, 39.0, 48.0,	11,	0.6, 1.0, 2.0, 7.0, 4.0,	0.01, 7.0, 40.0, 1.0, -2.0,	459, 4.0, 29.0,	2,	0.2,	1,	1,	1,	0.01,	1,	22,	13.5,	0.55,	4.5,	150,	56,	1.8,	0.5,	0,	0.01,	0,	0.01,	0.13
2000.0, 35.0, 49.0,	11,	0.5, 1.0, 2.0, 6.0, 3.0,	0.01, 6.0, 37.0, 1.0, -2.0,	473, 4.0, 23.0,	2,	0.2,	1,	1,	1,	0.01,	1,	18,	11.4,	0.55,	3.7,	150,	57,	1.5,	0.4,	0,	0,	0,	0.01,	0.11
1800.0, 310.0, 51.0,	11,	0.4, 1.0, 2.0, 5.0, 3.0,	0.01, 5.0, 33.0, 1.0, -2.0,	487, 3.0, 18.0,	2,	0.2,	1,	1,	1,	0.01,	1,	15,	9.4,	0.55,	3.0,	150,	57,	0.2,	0.3,	0,	0,	0,	0,	0.10
1600.0, 27.0, 52.0,	12,	0.3, 0.0, 1.0, 4.0, 2.0,	0.01, 4.0, 30.0, 1.0, -1.0,	502, 3.0, 14.0,	2,	0.2,	1,	1,	1,	0.01,	1,	11,	7.4,	0.55,	2.3,	150,	57,	1.0,	0.3,	0,	0,	0,	0,	0.08
1400.0, 23.0, 54.0,	12,	0.3, 0.0, 1.0, 3.0, 2.0,	0.01, 3.0, 26.0, 0.0, -1.0,	517, 2.0, 10.0,	2,	0.2,	1,	1,	1,	0.01,	1,	8,	5.5,	0.55,	1.7,	150,	58,	0.7,	0.3,	0,	0,	0,	0,	0.06
1200.0, 20.0, 55.0,	12,	0.2, 0.0, 1.0, 2.0, 1.0,	0.01, 2.0, 23.0, 0.0, -1.0,	532, 2.0, 7.0,	2,	0.2,	1,	1,	1,	0.01,	1,	4,	3.7,	0.55,	1.1,	150,	58,	0.5,	0.2,	0,	0,	0,	0,	0.04
1000.0, 16.0, 57.0,	12,	0.1, 0.0, 1.0, 1.0, 1.0,	0.01, 2.0, 19.0, 0.0, -1.0,	547, 1.0, 5.0,	2,	0.2,	1,	1,	1,	0.01,	1,	0,	0,	0,	0,	0,	0,	0,	0,	0,	0,	0,	0,	0
800.0, 13.0, 58.0,	12,	0.1, 0.0, 1.0, 1.0, 1.0,	0.01, 1.0, 15.0, 0.0, -1.0,	547, 1.0, 5.0,	2,	0.2,	1,	1,	1,	0.01,	1,	0,	0,	0,	0,	0,	0,	0,	0,	0,	0,	0,	0,	0
600.0, 10, 60.0,	12,	0.1, 0.0, 1.0, 1.0, 0.0,	0.01, 1.0, 12.0, 0.0, -1.0,	547, 1.0, 5.0,	2,	0.2,	1,	1,	1,	0.01,	1,	0,	0,	0,	0,	0,	0,	0,	0,	0,	0,	0,	0,	0
400.0, 6.0, 61.0,	12,	0.1, 0.0, 0.0, 0.0, 0.0,	0.01, 0.0, 8.0, 0.0, -1.0,	547, 1.0, 5.0,	2,	0.2,	1,	1,	1,	0.01,	1,	0,	0,	0,	0,	0,	0,	0,	0,	0,	0,	0,	0,	0
200.0, 3.0, 63.0,	12,	0.1, 0.0, 0.0, 0.0, 0.0,	0.01, 0.0, 4.0, 0.0, -1.0,	547, 1.0, 5.0,	2,	0.2,	1,	1,	1,	0.01,	1,	0,	0,	0,	0,	0,	0,	0,	0,	0,	0,	0,	0,	0
