8244.02, 731.7, 0.0,	36,	10, 14.7, 9.7, 451.83, 26.48,	0.17, 108.09, 103.1,	43.57,	51,	253, 42.42, 2210.32,	24,	4.2,	730,	37,	0,	0,	2,	0,	0,	0,	0,	0,	0,	0,	0,	0,	0,	0,	0,	0
8200.0, 663.0, 1.0,	35,	8.9, 13.0, 9.0, 477.0, 25.0,	0.16, 108.0, 102.0,	39.02,	46,	250, 40.0, 2031.0,	20,	4.2,	636,	33,	4,	0.04,	2,	0,	0,	0,	0,	0,	0,	0,	0,	0,	0,	0,	0,	0
8000.0, 599.0, 3.0,	33,	8.1, 11.0, 8.0, 513.0, 24.0,	0.15, 106.0, 98.0,	35.42,	42,	249, 37.0, 1738.0,	16,	2.5,	586,	31,	2,	0.04,	2,	0,	0,	0,	0,	0,	0,	0,	0,	0,	0,	0,	0,	0
7800.0, 557.0, 4.0,	32,	7.5, 10.0, 8.0, 525.0, 23.0,	0.15, 104.0, 96.0,	33.22,	40,	248, 35.0, 1574.0,	16,	2,	549,	29,	2,	0.05,	2,	0,	0,	0,	0,	0,	0,	0,	0,	0,	0,	0,	0,	0
7600.0, 524.0, 5.0,	31,	6.9, 9.0, 8.0, 530.0, 21.0,	0.14, 101.0, 94.0,	31.27,	37,	248, 33.0, 1360.0,	12,	1.7,	518,	27,	2,	0.10,	1,	0,	0,	0,	0,	0,	0,	0,	0,	0,	0,	0,	0,	0
7400.0, 495.0, 6.0,	30,	6.4, 8.0, 7.0, 532.0, 20.0,	0.13, 98.0, 91.0,	29.47,	35,	248, 31.0, 1210.0,	12,	1.5,	491,	26,	1,	0.04,	1,	0,	0,	0,	0,	0,	0,	0,	0,	0,	0,	0,	0,	0
7200.0, 469.0, 7.0,	28,	6, 7.0, 7.0, 529.0, 19.0,	0.12, 96.0, 89.0,	28.17,	34,	248, 29.0, 1094.0,	12,	1.3,	467,	25,	1,	0.04,	1,	0,	0,	0,	0,	0,	0,	0,	0,	0,	0,	0,	0,	0
7000.0, 445.0, 8.0,	27,	5.6, 7.0, 7.0, 525.0, 18.0,	0.12, 93.0, 86.0,	26.54,	32,	248, 28.0, 995.0,	12,	1.2,	444,	24,	1,	0.04,	1,	0,	0,	0,	0,	0,	0,	0,	0,	0,	0,	0,	0,	0
6800.0, 424.0, 9.0,	26,	5.2, 6.0, 6.0, 519.0, 17.0,	0.11, 90.0, 84.0,	25.37,	31,	249, 27.0, 907.0,	8,	1.1,	423,	23,	1,	0.05,	1,	0,	0,	0,	0,	0,	0,	0,	0,	0,	0,	0,	0,	0
6600.0, 403.0, 10.0,	25,	4.8, 6.0, 6.0, 510.0, 16.0,	0.11, 87.0, 82.0,	24.25,	29,	249, 25.0, 829.0,	8,	1,	404,	22,	1,	0.05,	1,	0,	0,	0,	0,	0,	0,	0,	0,	0,	0,	0,	0,	0
6400.0, 384.0, 10.0,	24,	4.5, 6.0, 6.0, 501.0, 15.0,	0.10, 85.0, 79.0,	23.17,	28,	250, 24.0, 758.0,	8,	1,	385,	21,	1,	0.05,	1,	0,	0,	0,	0,	0,	0,	0,	0,	0,	0,	0,	0,	0
6200.0, 366.0, 11.0,	23,	4.1, 5.0, 6.0, 489.0, 14.0,	0.09, 82.0, 77.0,	22.12,	26,	251, 23.0, 693.0,	8,	1,	367,	20,	1,	0.06,	1,	0,	0,	0,	0,	0,	0,	0,	0,	0,	0,	0,	0,	0
6000.0, 349.0, 11.0,	22,	3.9, 5.0, 5.0, 476.0, 13.0,	0.09, 79.0, 74.0,	21.10,	25,	252, 22.0, 634.0,	8,	0.9,	350,	19,	1,	0.06,	1,	0,	0,	0,	0,	0,	0,	0,	0,	0,	0,	0,	0,	0
5800.0, 332.0, 12.0,	21,	3.6, 5.0, 5.0, 462.0, 13.0,	0.08, 76.0, 72.0,	20.10,	24,	253, 21.0, 580.0,	8,	0.8,	334,	18,	1,	0.06,	1,	0,	0,	0,	0,	0,	0,	0,	0,	0,	0,	0,	0,	0
5600.0, 316.0, 12.0,	21,	3.3, 4.0, 5.0, 447.0, 12.0,	0.08, 73.0, 70.0,	19.13,	23,	254, 20.0, 529.0,	4,	0.8,	318,	17,	1,	0.06,	1,	0,	0,	0,	0,	0,	0,	0,	0,	0,	0,	0,	0,	0
5400.0, 301.0, 13.0,	20,	3.1, 4.0, 5.0, 430.0, 11.0,	0.07, 71.0, 68.0,	18.17,	22,	255, 19.0, 482.0,	4,	0.7,	303,	17,	0,	0.01,	1,	0,	0,	0,	0,	0,	0,	0,	0,	0,	0,	0,	0,	0
5200.0, 286.0, 13.0,	19,	2.8, 4.0, 5.0, 412.0, 10.0,	0.06, 68.0, 66.0,	17.24,	20,	257, 18.0, 438.0,	4,	0.7,	289,	16,	1,	0.06,	1,	0,	0,	0,	0,	0,	0,	0,	0,	0,	0,	0,	0,	0
5000.0, 272.0, 14.0,	18,	2.6, 4.0, 5.0, 394.0, 9.0,	0.06, 65.0, 63.0,	16.31,	19,	258, 18.0, 398.0,	4,	0.7,	274,	15,	1,	0.07,	1,	0,	0,	0,	0,	0,	0,	0,	0,	0,	0,	0,	0,	0
4800.0, 258.0, 14.0,	17,	2.4, 3.0, 4.0, 374.0, 9.0,	0.05, 62.0, 61.0,	15.41,	18,	260, 17.0, 360.0,	4,	0.7,	260,	14,	1,	0.07,	1,	0,	0,	0,	0,	0,	0,	0,	0,	0,	0,	0,	0,	0
4600.0, 244.0, 14.0,	16,	2.2, 3.0, 4.0, 354.0, 8.0,	0.05, 59.0, 59.0,	14.51,	17,	262, 16.0, 326.0,	4,	0.6,	247,	13,	1,	0.08,	1,	0,	0,	0,	0,	0,	0,	0,	0,	0,	0,	0,	0,	0
4400.0, 231.0, 15.0,	16,	2, 3.0, 4.0, 333.0, 7.0,	0.05, 56.0, 57.0,	14.03,	16,	263, 15.0, 293.0,	4,	0.6,	234,	13,	0,	0.08,	1,	0,	0,	0,	0,	0,	0,	0,	0,	0,	0,	0,	0,	0
4200.0, 218.0, 15.0,	15,	1.9, 3.0, 4.0, 312.0, 7.0,	0.04, 53.0, 54.0,	13.16,	15,	265, 14.0, 263.0,	2,	0.6,	221,	13,	0,	0.08,	1,	0,	0,	0,	0,	0,	0,	0,	0,	0,	0,	0,	0,	0
4000.0, 206.0, 16.0,	14,	1.7, 3.0, 4.0, 290.0, 6.0,	0.04, 51.0, 52.0,	12.31,	14,	267, 13.0, 234.0,	2,	0.5,	209,	12,	1,	0.08,	1,	0,	0,	0,	0,	0,	0,	0,	0,	0,	0,	0,	0,	0
3800.0, 193.0, 16.0,	13,	1.5, 3.0, 4.0, 268.0, 6.0,	0.03, 47.0, 50.0,	11.46,	13,	269, 13.0, 208.0,	2,	0.5,	1,	1,	1,	0.01,	1,	0,	0,	0,	0,	0,	0,	0,	0,	0,	0,	0,	0,	0
3600.0, 181.0, 16.0,	13,	1.4, 2.0, 3.0, 245.0, 5.0,	0.03, 44.0, 47.0,	11.02,	13,	271, 12.0, 185.0,	2,	0.5,	1,	1,	1,	0.01,	1,	0,	0,	0,	0,	0,	0,	0,	0,	0,	0,	0,	0,	0
3400.0, 170.0, 17.0,	12,	1.3, 2.0, 3.0, 223.0, 5.0,	0.03, 41.0, 45.0,	10.19,	12,	273, 11.0, 162.0,	2,	0.5,	1,	1,	1,	0.01,	1,	0,	0,	0,	0,	0,	0,	0,	0,	0,	0,	0,	0,	0
3200.0, 158.0, 17.0,	11,	1.1, 2.0, 3.0, 200.0, 4.0,	0.02, 38.0, 43.0,	9.37,	11,	276, 10.0, 142.0,	2,	0.4,	1,	1,	1,	0.01,	1,	0,	0,	0,	0,	0,	0,	0,	0,	0,	0,	0,	0,	0
3000.0, 147.0, 17.0,	11,	1, 2.0, 3.0, 178.0, 4.0,	0.02, 35.0, 40.0,	8.55,	10,	278, 10.0, 123.0,	2,	0.4,	1,	1,	1,	0.01,	1,	0,	0,	0,	0,	0,	0,	0,	0,	0,	0,	0,	0,	0
2800.0, 136.0, 18.0,	10,	0.9, 2.0, 3.0, 156.0, 3.0,	0.02, 31.0, 38.0,	8.15,	9.2,	281, 9.0, 105.0,	2,	0.4,	1,	1,	1,	0.01,	1,	0,	0,	0,	0,	0,	0,	0,	0,	0,	0,	0,	0,	0
2600.0, 125.0, 18.0,	9.7,	0.8, 2.0, 2.0, 135.0, 3.0,	0.01, 28.0, 36.0,	7.35,	8.4,	283, 8.0, 90.0,	2,	0.3,	1,	1,	1,	0.01,	1,	0,	0,	0,	0,	0,	0,	0,	0,	0,	0,	0,	0,	0
2400.0, 115.0, 18.0,	9.1,	0.7, 1.0, 2.0, 114.0, 2.0,	0.01, 25.0, 34.0,	6.56,	7.6,	286, 7.0, 75.0,	2,	0.3,	1,	1,	1,	0.01,	1,	0,	0,	0,	0,	0,	0,	0,	0,	0,	0,	0,	0,	0
2200.0, 104.0, 19.0,	8.6,	0.6, 1.0, 2.0, 94.0, 2.0,	0.01, 21.0, 31.0,	6.18,	6.9,	289, 7.0, 63.0,	2,	0.3,	1,	1,	1,	0.01,	1,	0,	0,	0,	0,	0,	0,	0,	0,	0,	0,	0,	0,	0
2000.0, 94.0, 19.0,	8.1,	0.5, 1.0, 2.0, 76.0, 2.0,	0.01, 19.0, 29.0,	5.40,	6.2,	291, 6.0, 51.0,	2,	0.3,	1,	1,	1,	0.01,	1,	0,	0,	0,	0,	0,	0,	0,	0,	0,	0,	0,	0,	0
1800.0, 84.0, 20.0,	7.6,	0.5, 1.0, 2.0, 59.0, 1.0,	0.01, 16.0, 27.0,	5.03,	5.5,	294, 5.0, 41.0,	2,	0.3,	1,	1,	1,	0.01,	1,	0,	0,	0,	0,	0,	0,	0,	0,	0,	0,	0,	0,	0
1600.0, 74.0, 20.0,	7.1,	0.4, 1.0, 1.0, 44.0, 1.0,	0.01, 13.0, 24.0,	4.27,	4.8,	298, 5.0, 32.0,	2,	0.3,	1,	1,	1,	0.01,	1,	0,	0,	0,	0,	0,	0,	0,	0,	0,	0,	0,	0,	0
1400.0, 64.0, 20.0,	6.6,	0.3, 1.0, 1.0, 31.0, 1.0,	0, 10.0, 21.0,	3.52,	4.1,	301, 4.0, 23.0,	2,	0.2,	1,	1,	1,	0.01,	1,	0,	0,	0,	0,	0,	0,	0,	0,	0,	0,	0,	0,	0
1200.0, 55.0, 20.0,	6.1,	0.3, 1.0, 1.0, 21.0, 1.0,	0, 8.0, 19.0,	3.17,	3.5,	304, 3.0, 17.0,	2,	0.2,	1,	1,	1,	0.01,	1,	0,	0,	0,	0,	0,	0,	0,	0,	0,	0,	0,	0,	0
1000.0, 45.0, 21.0,	5.7,	0.2, 1.0, 1.0, 14.0, 0.0,	0, 6.0, 16.0,	2.42,	2.8,	308, 3.0, 12.0,	2,	0.2,	1,	1,	1,	0.01,	1,	0,	0,	0,	0,	0,	0,	0,	0,	0,	0,	0,	0,	0
800.0, 36.0, 21.0,	5.3,	0.2, 0.0, 1.0, 8.0, 0.0,	0, 4.0, 13.0,	2.09,	2.2,	312, 2.0, 7.0,	2,	0.2,	1,	1,	1,	0.01,	1,	0,	0,	0,	0,	0,	0,	0,	0,	0,	0,	0,	0,	0
600.0, 27.0, 22.0,	5,	0.1, 0.0, 1.0, 4.0, 0.0,	0, 2.0, 10.0,	1.36,	1.6,	316, 1.0, 4.0,	2,	0.2,	1,	1,	1,	0.01,	1,	0,	0,	0,	0,	0,	0,	0,	0,	0,	0,	0,	0,	0
400.0, 18.0, 22.0,	4.7,	0.1, 0.0, 0.0, 2.0, 0.0,	0, 1.0, 7.0,	1.04,	1.1,	321, 1.0, 2.0,	2,	0.2,	1,	1,	1,	0.01,	1,	0,	0,	0,	0,	0,	0,	0,	0,	0,	0,	0,	0,	0
200.0, 9.0, 22.0,	4.5,	0, 0.0, 0.0, 0.0, 0.0,	0.01, 0.0, 4.0,	0.32,	0.5,	327, 0.0, 0.0,	2,	0.2,	1,	1,	1,	0.01,	1,	0,	0,	0,	0,	0,	0,	0,	0,	0,	0,	0,	0,	0
