0,	0,	0,	0
1,	12987,	43895,	147
1.1,	19366,	99703,	184
1.2,	19144,	99564,	193
2.1,	20147,	99649,	199
2.2,	19934,	99613,	190
3,	16840,	98785,	188
3.2,	16725,	98905,	188
4.1,	17540,	98616,	192
4.2,	17444,	98579,	192
5,	18909,	98557,	190
6,	16542,	99603,	200
7,	16576,	99949,	208
8,	17037,	98415,	187
9,	16846,	98306,	186
10,	16988,	98400,	190
11,	16237,	99982,	209
12,	18493,	100633,	200
13,	18763,	100480,	195
14,	18436,	100413,	201
15,	18748,	100380,	197
16,	18874,	100247,	190
17,	18983,	100017,	191
18,	19087,	99658,	191
19,	16040,	98030,	194
20,	16253,	99264,	199
21,	18626,	103737,	233
22,	18407,	103462,	227
23,	16875,	100566,	207
24,	15668,	101239,	212
25,	21541,	104694,	240
26,	21476,	104718,	242
27,	19934,	99613,	190
28,	20313,	103411,	222
29,	18681,	103753,	218
30,	15175,	99704,	209
31,	18203,	103133,	228
32,	18475,	103238,	218
33,	18435,	103014,	222
34,	19443,	100604,	189
35,	18931,	98754,	195
36,	17748,	97996,	183
37,	17861,	97485,	177
38,	17192,	97778,	180
39,	16007,	97282,	194
40,	15613,	101268,	212
41,	15691,	100896,	209
42,	15652,	100485,	208
43,	15167,	101364,	218
44,	14551,	100767,	213
45,	16084,	101246,	214
46,	15058,	99840,	209
47,	15027,	100245,	208
48,	15077,	100847,	208
49,	16129,	97302,	200
50,	16098,	96945,	200
51,	16999,	97180,	184
52,	14976,	97835,	198
53,	16759,	98241,	164
54,	21959,	104152,	225
55,	23122,	103169,	222
56,	23214,	103801,	218
57,	23571,	103425,	225
58,	23276,	103518,	225
59,	23062,	105017,	225
60,	15277,	97225,	200
61,	14452,	98413,	206
62,	0,	0,	0
63,	08347,	99318,	197
64,	08055,	99157,	210
65,	07938,	98754,	214
66,	07621,	99345,	221
67,	06965,	99500,	220
68,	08637,	100335,	216
69,	03186,	102725,	220
70,	02942,	102674,	220
71,	03035,	103550,	200
72,	02646,	103246,	230
73,	03431,	101133,	230
74,	03150,	101208,	235
75,	03776,	101722,	230
76,	03392,	101802,	220
77,	02770,	102794,	220
78,	02390,	102727,	230
79,	02707,	102006,	230
80,	02189,	102047,	220
81,	06471,	99620,	230
82,	08907,	98993,	205
83,	09132,	98970,	205
84,	16480,	99262,	200
85,	15554,	98639,	200
86,	15865,	98609,	200
87,	16778,	97889,	190
88,	21552,	103821,	225
89,	21294,	103430,	224
90,	21791,	103943,	224
91,	21548,	104252,	224
92,	21362,	104159,	224
93,	21334,	103770,	224
94,	23480,	103778,	225
95,	23774,	104191,	220
96,	22054,	102854,	228
97,	22014,	102517,	222
98,	22733,	103684,	230
99,	14057,	98006,	200
100,	14188,	97875,	200
101,	14405,	97747,	200
102,	21988,	104524,	228
103,	22115,	103997,	229
104,	21297,	102366,	220
105,	21588,	102066,	220
106,	22756,	105532,	230
107,	22112,	105628,	238
108,	21272,	102183,	220
109,	21089,	102471,	230
110,	21077,	102647,	230
111,	20855,	102552,	225
112,	20855,	102752,	225
113,	15144,	100476,	210
114,	14915,	100195,	210
115,	21287,	104919,	220
116,	21545,	105662,	220
117,	21683,	105717,	220
118,	20423,	102150,	210
119,	16555,	98640,	190
120,	16573,	98816,	190
121,	15756,	99311,	200
122,	20119,	101130,	197
123,	20722,	100969,	205
124,	21163,	101296,	210
125,	19861,	101600,	200
126,	19601,	101065,	200
127,	16254,	98543,	195
128,	20700,	101566,	210
129,	20276,	101405,	200
130,	20012,	100439,	200
131,	20061,	100712,	200
132,	19447,	102446,	215
133,	19467,	103001,	220
134,	19694,	100115,	190
135,	19980,	100918,	200
136,	20888,	101083,	207
137,	22509,	102720,	200
138,	20238,	102048,	210
139,	16620,	96501,	192
140,	16738,	95090,	192
141,	15098,	100879,	210
142,	15145,	97977,	203
143,	15862,	94515,	190
144,	16737,	94513,	185
145,	16924,	95422,	200
146,	17536,	95387,	185
147,	17873,	95641,	162
148,	12174,	99401,	219
149,	12295,	98950,	213
150,	15245,	97381,	201
151,	19244,	102321,	208
152,	18836,	102372,	203
153,	13965,	97665,	196
154,	14035,	97508,	195
155,	14080,	98717,	215
156,	14652,	98457,	204
157,	14617,	98352,	190
158,	18937,	102700,	200
159,	19101,	101972,	200
160,	19592,	102280,	214
161,	19770,	102255,	214
162,	18827,	99151,	202
163,	18411,	99118,	200
164,	18052,	99171,	200
165,	11000,	95066,	165
166,	11384,	94350,	173
167,	19477,	101985,	195
168,	18833,	101974,	197
169,	16722,	97261,	192
170,	14699,	98744,	210
171,	17525,	96955,	175
172,	17924,	96689,	175
173,	18737,	99664,	192
174,	18994,	98478,	200
175,	19097,	98344,	215
176,	13646,	99028,	204
177,	14998,	98515,	202
178,	10424,	99689,	202
179,	10435,	99173,	198
180,	10816,	99768,	201
181,	10849,	100544,	206
182,	16440,	95909,	194
183,	16344,	96235,	196
184,	16208,	96677,	197
185,	01418,	101278,	183
186,	00896,	101373,	176
187,	00332,	101500,	167
188,	00377,	101847,	164
189,	00372,	102200,	180
190,	00482,	102714,	195
191,	18510,	96008,	162
192,	18180,	95897,	166
193,	18911,	96377,	166
194,	18820,	97127,	175
195,	22329,	103786,	225
196,	22507,	103700,	222
197,	22275,	103721,	224
198,	22789,	103338,	223
199,	22614,	103305,	222
200,	22326,	103138,	221
201,	19721,	93878,	175
202,	19362,	93555,	175
203,	22536,	102908,	216
204,	19987,	94025,	175
205,	20571,	93978,	185
206,	18940,	93452,	165
207,	22095,	103418,	224
208,	22143,	103733,	228
209,	22219,	102977,	222
210,	22431,	103447,	220
211,	22671,	103115,	221
212,	22222,	103608,	223
997,	11953,	94089,	180
998,	06977,	92773,	180
999,	06659,	88963,	180
213, 	12342, 	95552, 	188
214, 	12626, 	94846, 	190
215, 	11647, 	94357, 	175
216, 	12314, 	93897, 	180
217, 	11547, 	93264, 	154
218, 	10995, 	95465, 	177
219, 	10730, 	95877, 	162
220, 	10597, 	97893, 	182
221, 	11173, 	98614, 	175
222, 	10333, 	98592, 	185
223, 	14501, 	95680, 	186
224, 	14022, 	95500, 	183
225, 	14192, 	94899, 	184
226, 	14207,	93848,	184
227, 	14854, 	93508, 	174
228, 	15358, 	93663, 	170
176.1,	13149, 	98759,	213
"11.1",	15996,	100175,	205
"20.1",	15956,	99559,	190
"11.2",	15928,	100378,	200
"48.1",	14987,	100825,	211
"501",	29801,	40714,	152
"502",	29823,	40821,	150
"503",	29834,	40909,	150
"œŒ –",	11439,	43707,	169
"À≈—’Œ«",14477,	98407,	203
"À’2Ó",14827,	98776,	203
"À’1Ó",	15086,	98451,	199
"2¬Á‚À’",14675,98910,200
"—¬Œ¡ŒƒÕŒ≈",54572,30125,92
"À’150",15260,97350,180
