0,	0,	0,	0,	0,	0,	0
50,	1.1,	1.1,	1.1,	1,	0.8,	2
100,	2.3,	2.1,	2,	1.7,	1.5,	2.9
150,	3.2,	2.9,	2.7,	2.3,	2.1,	4.2
200,	4.1,	3.6,	3.3,	2.9,	2.8,	5.4
250,	4.9,	4.3,	4,	3.5,	3.6,	6.8
300,	5.7,	5.1,	4.6,	4.2,	4.5,	8.5
350,	6.6,	5.9,	5.4,	4.9,	5.6,	11
400,	7.7,	6.9,	6.4,	5.9,	6.9,	13
450,	9.1,	8.2,	7.7,	7.1,	8.6,	17
500,	11,	10,	9.3,	8.8,	11,	23
550,	14,	13,	12,	11,	15,	33
600,	18,	17,	15,	15,	22,	56
650,	31,	30,	25,	25,	37,	33	
850,	24,	21,	22,	23,	24,	23
900,	15,	14,	14,	14,	17,	17
950,	11,	10,	10,	10,	12,	13
1000,	8.6,	8,	7.7,	7.8,	9.6,	11
1050,	6.7,	6.3,	6.1,	6.2,	7.7,	8.8
1100,	5.4,	5,	4.9,	5,	6.2,	7.1
1150,	4.3,	4,	4,	4,	5,	7