1,	134.227,	-23.075,	131.628,	-17.362,	131.848,	-7.940,	133.940,	4.1770,	135.695,	14.788,	135.603,	21.922,	134.112,	23.168,	133.415,	18.255,	134.915,	8.6230,	137.490,	-2.8180,	139.087,	-14.123,	137.840,	-21.652
2,	134.107,	-22.995,	131.593,	-17.078,	131.895,	-7.562,	134.016,	4.5630,	135.729,	15.092,	135.567,	22.060,	134.063,	23.105,	133.430,	18.005,	134.993,	8.2620,	137.570,	-3.2070,	139.950,	-14.447,	137.748,	-21.810
3,	133.990,	-22.908,	131.562,	-16.792,	131.945,	-7.180,	134.088,	4.9480,	135.757,	15.393,	135.527,	22.192,	134.015,	23.033,	133.447,	17.750,	135.073,	7.8980,	137.650,	-3.5970,	139.100,	-14.765,	137.653,	-21.962
4,	133.873,	-22.815,	131.533,	-16.500,	131.997,	-6.798,	134.162,	5.3320,	135.783,	15.688,	135.487,	22.318,	133.968,	22.937,	133.465,	17.492,	135.155,	7.5330,	137.730,	-3.9800,	139.102,	-15.078,	137.557,	-22.107
5,	133.760,	-22.712,	131.508,	-16.202,	132.050,	-6.413,	134.235,	5.7130,	135.808,	15.980,	135.445,	22.437,	133.923,	22.872,	133.487,	17.228,	135.237,	7.1650,	137.807,	-4.3670,	139.102,	-15.388,	137.458,	-22.243
6,	133.647,	-22.603,	131.487,	-15.900,	132.105,	-6.028,	134.308,	6.0950,	135.830,	16.267,	135.402,	22.550,	133.880,	22.782,	133.512,	16.958,	135.320,	6.7950,	137.883,	-4.7520,	139.097,	-15.693,	137.355,	-22.375
7,	133.537,	-22.487,	131.470,	-15.595,	132.163,	-5.640,	134.380,	6.4730,	135.852,	16.550,	135.358,	22.657,	133.837,	22.683,	133.538,	16.687,	135.403,	6.4230,	137.958,	-5.1370,	139.088,	-15.995,	137.252,	-22.497
8,	133.428,	-22.352,	131.455,	-15.283,	132.222,	-6.252,	134.452,	6.8500,	135.868,	16.828,	135.312,	22.757,	133.797,	22.580,	133.567,	16.408,	135.488,	6.0500,	138.032,	-5.5200,	139.077,	-16.293,	137.125,	-22.613
9,	133.322,	-22.230,	131.443,	-14.966,	132.283,	-4.863,	134.522,	7.2250,	135.885,	17.102,	135.265,	22.848,	133.757,	22.470,	133.598,	16.127,	135.575,	5.6750,	138.102,	-5.9020,	139.060,	-16.585,	137.037,	-22.722
10,	133.217,	-22.092,	131.435,	-14.650,	132.345,	-4.472,	134.590,	7.5970,	135.898,	17.370,	135.218,	22.935,	133.720,	22.352,	133.633,	15.840,	135.662,	5.2980,	138.172,	-6.2820,	139.042,	-16.873,	136.927,	-22.822
11,	133.115,	-21.945,	131.432,	-14.327,	132.410,	-4.032,	134.658,	7.9680,	135.910,	17.633,	135.168,	23.015,	133.683,	22.228,	133.670,	15.550,	135.748,	4.9200,	138.238,	-6.6620,	139.018,	-17.137,	136.813,	-22.915
12,	133.013,	-21.792,	131.430,	0.00000,	132.475,	-3.688,	134.726,	8.3350,	135.918,	17.893,	135.120,	23.087,	133.650,	22.098,	133.708,	15.225,	135.837,	4.5400,	138.305,	-7.0380,	138.983,	-17.435,	136.700,	-23.002
13,	132.918,	-21.632,	131.432,	-13.668,	132.542,	-3.295,	134.792,	8.7020,	135.925,	18.147,	135.068,	23.153,	133.618,	21.963,	133.750,	14.957,	135.923,	4.1600,	138.368,	-7.4150,	138.963,	-17.708,	136.583,	-23.080
14,	132.823,	-21.465,	131.437,	-13.333,	132.610,	-2.902,	134.857,	9.0650,	135.928,	18.395,	135.017,	23.212,	133.587,	21.820,	133.793,	14.653,	136.012,	3.7770,	138.428,	-7.7900,	138.930,	-17.977,	136.467,	-23.150
15,	132.732,	-21.290,	131.445,	-12.995,	132.678,	-2.508,	134.920,	9.4270,	135.930,	18.638,	134.965,	23.265,	133.558,	21.672,	133.838,	14.347,	136.100,	3.3930,	138.488,	-8.1630,	138.892,	-18.238,	136.347,	-23.213
16,	132.643,	-21.110,	131.455,	-12.653,	132.750,	-2.113,	134.982,	9.7850,	135.928,	18.877,	134.912,	23.310,	133.532,	21.517,	133.887,	14.037,	136.190,	3.1000,	138.545,	-8.5330,	138.852,	-18.497,	136.227,	-23.270
17,	132.557,	-20.922,	131.470,	-12.308,	132.820,	-1.718,	135.043,	10.140,	135.925,	19.110,	134.858,	23.348,	133.508,	21.357,	133.937,	13.723,	136.278,	2.6230,	138.598,	-8.9030,	138.808,	-18.748,	136.107,	-23.317
18,	132.473,	-20.727,	131.487,	-11.960,	132.892,	-1.323,	135.102,	10.493,	135.920,	19.338,	134.805,	23.380,	133.485,	21.190,	133.988,	13.405,	136.367,	2.2380,	138.650,	-9.2700,	138.760,	-18.995,	135.983,	-23.357
19,	132.393,	-20.527,	131.507,	-11.608,	132.965,	-0.928,	135.158,	10.843,	135.912,	19.560,	134.750,	23.405,	133.465,	21.017,	134.042,	13.083,	136.455,	1.8500,	138.700,	-9.6350,	138.708,	-19.237,	135.880,	-23.388
20,	132.315,	-20.320,	131.530,	-11.253,	133.038,	-0.533,	135.213,	11.192,	135.902,	19.777,	134.697,	23.423,	133.447,	20.837,	134.098,	12.758,	136.543,	1.4630,	138.747,	-9.9970,	138.653,	-19.472,	135.737,	-23.413
21,	132.240,	-20.105,	131.555,	-11.895,	133.113,	-0.138,	135.268,	11.535,	135.888,	19.988,	134.642,	23.435,	133.432,	20.653,	134.157,	12.430,	136.632,	1.0750,	138.790,	-10.357,	138.595,	-19.702,	135.613,	-23.430
22,	132.188,	-19.885,	131.583,	-10.535,	133.187,	0.2570,	135.320,	11.877,	135.873,	20.193,	134.587,	23.438,	133.418,	20.462,	134.217,	12.100,	136.720,	1.6870,	138.832,	-10.715,	138.536,	-19.925,	135.488,	-23.438
23,	132.100,	-19.658,	131.613,	-10.172,	133.262,	0.6520,	135.368,	12.213,	135.855,	20.393,	134.532,	23.436,	133.407,	20.267,	134.278,	11.765,	136.808,	1.2970,	138.870,	-11.070,	138.470,	-20.142,	135.383,	-23.438
24,	132.035,	-19.427,	131.647,	-9.8050,	133.337,	1.0470,	135.417,	12.548,	135.835,	20.587,	134.478,	23.427,	133.397,	20.630,	134.342,	11.427,	136.895,	-0.093,	138.907,	-11.422,	138.402,	-20.357,	135.238,	-23.432
25,	131.972,	-19.188,	131.682,	-9.4370,	133.412,	1.4400,	135.463,	12.880,	135.813,	20.775,	134.423,	23.410,	133.390,	19.857,	134.408,	11.087,	136.983,	-0.482,	138.938,	-11.770,	138.330,	-20.538,	135.113,	-23.417
26,	131.913,	-18.943,	131.720,	-9.0670,	133.488,	1.8330,	135.507,	13.207,	135.788,	20.957,	134.370,	23.387,	133.387,	19.643,	134.475,	10.742,	137.068,	-0.872,	138.968,	-12.117,	138.257,	-20.757,	134.990,	-23.393
27,	131.858,	-18.693,	131.760,	-8.6930,	133.560,	2.2270,	135.548,	13.530,	135.763,	21.133,	134.317,	23.357,	133.385,	19.425,	134.545,	10.395,	137.155,	-1.262,	138.997,	-12.460,	138.178,	-20.950,	134.865,	-23.363
28,	131.805,	-18.438,	131.803,	-8.3180,	133.638,	2.6180,	135.588,	13.850,	135.735,	21.303,	134.265,	23.320,	133.387,	19.202,	134.615,	10.047,	137.240,	-1.652,	139.020,	-12.800,	138.098,	-21.135,	134.742,	-23.325
29,	131.757,	-18.177,	131.848,	-7.9400,	133.713,	3.0100,	135.627,	14.167,	135.705,	21.467,	134.212,	23.277,	133.390,	18.972,	134.688,	9.6950,	137.323,	-2.040,	139.042,	-13.137,	138.015,	-21.313,	134.620,	-23.278
30,	131.710,	-17.910,	0.00000,	0.00000,	133.790,	3.4000,	135.662,	14.480,	135.672,	21.625,	134.162,	23.227,	133.395,	18.738,	134.762,	9.3400,	137.407,	-2.430,	139.060,	-13.468,	137.928,	-21.487,	134.498,	-23.225
31,	131.668,	-17.638,	0.00000,	0.00000,	133.865,	3.7880,	135.695,	14.788,	135.638,	21.777,	134.112,	23.168,	133.405,	18.498,	134.838,	8.9830,	137.490,	-2.818,	139.075,	-13.798,	137.840,	-21.632,	134.377,	-23.163
32,	131.628,	-17.632,	0.00000,	0.00000,	133.940,	4.1770,	0.00000,	0.0000,	135.603,	21.922,	0.00000,	0.0000,	133.415,	18.255,	134.915,	8.6230,	0.00000,	0.0000,	139.087,	-14.123,	0.00000,	0.00000,	134.257,	-23.093
