0,	0,	0,	0
4400,	285,	70,	0.6
4600,	291,	74,	0.6
4800,	298,	78,	0.5
5000,	305,	82,	0.5
5200,	313,	86,	0.5
5400,	322,	90,	0.4
5600,	331,	94,	0.4
5800,	341,	98,	0.4
6000,	352,	103,	0.4
6200,	363,	107,	0.4
6400,	374,	112,	0.4
6600,	387,	117,	0.4
6800,	400,	121,	0.4
7000,	413,	127,	0.4
7200,	428,	132,	0.3
7400,	443,	137,	0.3
7600,	460,	143,	0.3
7800,	478,	149,	0.3
8000,	497,	155,	0.3
8200,	518,	162,	0.3
8400,	542,	170,	0.3
8600,	569,	178,	0.3
8800,	601,	187,	0.3
9000,	642,	199,	0.3
9200,	720,	220,	0.3