0,	0,	0,	0
6200,	181,	67,	0.9
6400,	184,	70,	0.9
6600,	187,	73,	0.8
6800,	191,	76,	0.7
7000,	196,	79,	0.7
7200,	200,	83,	0.7
7400,	205,	86,	0.6
7600,	210,	89,	0.6
7800,	216,	93,	0.6
8000,	221,	96,	0.6
8200,	228,	100,	0.5
8400,	234,	103,	0.5
8600,	240,	107,	0.5
8800,	247,	111,	0.5
9000,	254,	114,	0.5
9200,	262,	118,	0.5
9400,	269,	122,	0.5
9600,	277,	126,	0.5
9800,	286,	130,	0.5
10000,	294,	134,	0.5
10200,	303,	138,	0.4
10400,	312,	142,	0.4
10600,	321,	146,	0.4
10800,	331,	151,	0.4
11000,	341,	155,	0.4
11200,	351,	160,	0.4
11400,	361,	164,	0.4
11600,	372,	169,	0.4	
11800,	384,	173,	0.4
12000,	395,	178,	0.4
12200,	407,	183,	0.4
12400,	420,	188,	0.4
12600,	433,	194,	0.4
12800,	447,	199,	0.4
13000,	461,	205,	0.4
13200,	476,	210,	0.4
13400,	492,	216,	0.4
13600,	509,	223,	0.4
13800,	527,	230,	0.4
14000,	546,	237,	0.4
14200,	567,	244,	0.3
14400,	591,	253,	0.3
14600,	618,	263,	0.3
14800,	652,	275,	0.3
15000,	704,	292,	0.3