0,	0,	0,	0
5200,	215,	66,	0.8
5400,	219,	69,	0.8
5600,	223,	72,	0.7
5800,	228,	76,	0.6
6000,	234,	79,	0.6
6200,	239,	83,	0.6
6400,	246,	86,	0.5
6600,	252,	90,	0.5
6800,	259,	94,	0.5
7000,	266,	97,	0.5
7200,	274,	101,	0.5
7400,	282,	105,	0.5
7600,	290,	109,	0.4
7800,	299,	113,	0.4
8000,	308,	117,	0.4
8200,	317,	121,	0.4
8400,	327,	125,	0.4
8600,	337,	130,	0.4
8800,	347,	134,	0.4
9000,	358,	139,	0.4
9200,	369,	143,	0.4
9400,	381,	148,	0.4
9600,	393,	153,	0.4
9800,	406,	158,	0.4
10000,	419,	163,	0.4
10200,	433,	168,	0.4
10400,	447,	173,	0.3
10600,	463,	179,	0.3
10800,	479,	185,	0.3
11000,	496,	191,	0.3
11200,	515,	198,	0.3
11400,	535,	205,	0.3
11600,	557,	212,	0.3
11800,	582,	221,	0.3
12000,	611,	230,	0.3
12200,	649,	242,	0.3
12400,	713,	262,	0.3