0,	0,	0,	0
5000,	250,	71,	0.6
5200,	256,	75,	0.6
5400,	262,	78,	0.6
5600,	268,	82,	0.5
5800,	275,	86,	0.5
6000,	283,	90,	0.5
6200,	291,	94,	0.5
6400,	299,	98,	0.4
6600,	308,	102,	0.4
6800,	317,	106,	0.4
7000,	326,	110,	0.4
7200,	336,	114,	0.4
7400,	347,	118,	0.4
7600,	358,	123,	0.4
7800,	369,	127,	0.4
8000,	381,	132,	0.4
8200,	393,	137,	0.4
8400,	406,	142,	0.4
8600,	420,	147,	0.4
8800,	435,	152,	0.4
9000,	450,	158,	0.3
9200,	466,	164,	0.3
9400,	483,	170,	0.3
9600,	502,	176,	0.3
9800,	522,	183,	0.3
10000,	545,	190,	0.3
10200,	570,	198,	0.3
10400,	599,	208,	0.3
10600,	636,	220,	0.3
10800,	693,	236,	0.3
