-49,	65
-48,	64
-47,	63
-46,	62
-45,	61
-44,	60
-43,	59
-42,	58
-41,	57
-40,	56
-39,	55
-38,	54
-37,	53
-36,	52
-35,	51
-34,	50
-33,	99
-32,	98
-31,	97
-30,	96
-29,	95
-28,	94
-27,	93
-26,	92
-25,	91
-24,	90
-23,	89
-22,	88
-21,	87
-20,	86
-19,	85
-18,	84
-17,	83
-16,	82
-15,	81
-14,	80
-13,	79
-12,	78
-11,	77
-10,	76
-9,	75
-8,	74
-7,	73
-6,	72
-5,	71
-4,	70
-3,	69
-2,	68
-1,	67
0,	66
1,	65
2,	64
3,	63
4,	62
5,	60
6,	59
7,	58
8,	57
9,	56
10,	55	
11,	54	
12,	53	
13,	52	
14,	51
15,	0
16,	1
17,	2
18,	3
19,	5
20,	6
21,	7
22,	8
23,	9
24,	10
25,	11
26,	12
27,	13
28,	14
29,	16
30,	18
31,	19
32,	20
33,	21
34,	22
35,	23
36,	24
37,	25
38,	26
39,	28
40,	29	
41,	30
42,	31
43,	32
44,	33
45,	34
46,	36
47,	38
48,	39
49,	40
