50,	2.8,	1.75,	1.4,	1.05
45,	2.4,	1.5,	1.2,	0.9
40,	2,	1.25,	1,	0.75
35,	1.6,	1,	0.8,	0.6
30,	1.2,	0.75,	0.6,	0.45
25,	0.8,	0.5,	0.4,	0.3
20,	0.4,	0.25,	0.2,	0.15
15,	0,	0,	0,	0
10,	-0.4,	-0.25,	-0.2,	-0.15
5,	-0.8,	-0.5,	-0.4,	-0.3
0,	-1.2,	-0.75,	-0.6,	-0.45
-5,	-1.6,	-1,	-0.8,	-0.6
-10,	-2,	-1.25,	-1,	-0.75
-15,	-2.4,	-1.5,	-1.2,	-0.9
-20,	-2.8,	-1.75,	-1.4,	-1.05
-25,	-3.2,	-2,	-1.6,	-1.2
-30,	-3.6,	-2.25,	-1.8,	-1.35
-35,	-4,	-2.5,	-2,	-1.5
-40,	-4.4,	-2.75,	-2.2,	-1.65
-45,	-4.8,	-3,	-2.4,	-1.8
-50,	-5.2,	-3.25,	-2.6,	-1.95
