1,	2,	3,	3,	3,	4,	4,	4,	4,	4
2,	3,	4,	4,	4,	5,	5,	5,	5,	6
3,	4,	5,	5,	5,	6,	6,	6,	6,	6
4,	6,	7,	8,	8,	8,	9,	9,	9,	10
5,	8,	10,	10,	11,	11,	11,	12,	12,	12
6,	9,	11,	11,	12,	13,	13,	13,	14,	14
7,	10,	12,	13,	13,	14,	14,	15,	15,	16
8,	12,	14,	15,	16,	17,	17,	18,	18,	19
9,	14,	17,	18,	19,	20,	20,	21,	21,	22
10,	15,	18,	19,	20,	21,	21,	22,	23,	24
11,	16,	20,	20,	22,	23,	24,	25,	25,	26
12,	18,	22,	23,	24,	25,	26,	27,	28,	29
13,	20,	23,	25,	26,	27,	28,	29,	30,	32
14,	21,	25,	27,	28,	29,	30,	32,	32,	34
15,	22,	27,	28,	30,	32,	32,	34,	36,	36