"302",8650,48800,170,150,150
"301",8000,48650,170,150,150
"303",6800,46500,180,150,150
"304",6250,46100,180,150,150
"305",6020,45250,200,150,150
"306",4050,45100,150,150,150
"307",4300,44250,150,150,150
"308",4550,43650,190,150,150
"309",4300,42750,190,150,150
"310",3000,43750,200,150,150
"311",3250,42650,200,150,150
"312",8450,42750,190,300,200
"313",7650,46350,190,300,200
"314",6750,45400,200,300,200
"315",5500,43300,200,300,200
"316",4950,42100,190,300,200
"317",4550,41250,190,300,200
"101",99150,52890,180,150,150
"102",520,50380,140,150,150
"103",99750,48250,200,150,150
"201",5350,51750,160,150,150
"202",3050,46900,190,150,150
"√¿ƒﬁ ¿1",3950,43900,190,300,300
"√¿ƒﬁ ¿2",2450,45150,210,300,300
"œ»“ŒÕ1",3980,50110,170,300,300
"œ»“ŒÕ2",1650,48250,190,300,300
"œ»“ŒÕ3",400,46650,185,300,300
"302·ÏÔ",19927,91115,170,0,0
"303·ÏÔ",18745,91346,180,0,0
