11498,	745,	1,	36,	12,	20,	16,	376,	63,	0.67,	221,	102,	44.43,	55,	286,	53,	3490,	40,	-1.3,	744,	45,	0,	0,	2,	0,	0,	0,	0,	0,	0,	0,	0,	0,	0,	0,	0,	0
11400,	670,	1,	35,	11,	17,	15,	365,	61,	0.64,	220,	101,	40.40,	52,	280,	49,	3020,	40,	-1.3,	671,	43,	2,	0.03,	2,	0,	0,	0,	0,	0,	0,	0,	0,	0,	0,	0,	0,	0
11200,	606,	4.8,	34,	10,	15,	15,	353,	59,	0.61,	217,	99,	37.39,	49,	277,	46,	2680,	30,	-1.1,	624,	40,	3,	0.06,	2,	0,	0,	0,	0,	0,	0,	0,	0,	0,	0,	0,	0,	0
11000,	567,	6.1,	33,	9.6,	14,	14,	343,	57,	0.59,	213,	97,	35.32,	47,	274,	44,	2440,	30,	-0.7,	590,	38,	2,	0.06,	2,	0,	0,	0,	0,	0,	0,	0,	0,	0,	0,	0,	0,	0
10800,	536,	7.2,	32,	9.1,	13,	14,	333,	55,	0.57,	209,	96,	33.49,	45,	272,	42,	2250,	30,	-0.6,	562,	36,	2,	0.07,	2,	0,	0,	0,	0,	0,	0,	0,	0,	0,	0,	0,	0,	0
10600,	510,	8.1,	31,	8.6,	12,	14,	324,	53,	0.55,	204,	94,	32.18,	43,	271,	41,	2090,	24,	-0.5,	537,	35,	1,	0.04,	2,	0,	0,	0,	0,	0,	0,	0,	0,	0,	0,	0,	0,	0
10400,	487,	8.8,	30,	8.2,	11,	13,	314,	52,	0.53,	200,	93,	30.57,	42,	269,	39,	1950,	24,	-0.4,	515,	34,	1,	0.05,	2,	0,	0,	0,	0,	0,	0,	0,	0,	0,	0,	0,	0,	0
10200,	466,	9.5,	30,	7.8,	10,	13,	305,	50,	0.51,	195,	91,	29.42,	40,	268,	38,	1820,	24,	-0.3,	495,	33,	1,	0.05,	2,	0,	0,	0,	0,	0,	0,	0,	0,	0,	0,	0,	0,	0
10000,	446,	10,	29,	7.4,	10,	13,	296,	49,	0.5,	191,	90,	28.32,	39,	267,	37,	1700,	20,	-0.2,	475,	32,	1,	0.05,	1,	0,	0,	0,	0,	0,	0,	0,	0,	0,	0,	0,	0,	0
9800,	427,	11,	28,	7,	9,	13,	287,	47,	0.48,	186,	89,	27.27,	38,	267,	35,	1590,	20,	-0.1,	457,	30,	2,	0.06,	1,	0,	0,	0,	0,	0,	0,	0,	0,	0,	0,	0,	0,	0
9600,	410,	11,	28,	6.7,	9,	12,	278,	46,	0.47,	181,	88,	26.25,	36,	266,	34,	1490,	20,	-0.1,	440,	29,	1,	0.06,	1,	0,	0,	0,	0,	0,	0,	0,	0,	0,	0,	0,	0,	0
9400,	394,	12,	27,	6.4,	8,	12,	269,	44,	0.45,	176,	86,	25.25,	35,	266,	33,	1400,	16,	0,	424,	28,	1,	0.06,	1,	0,	0,	0,	0,	0,	0,	0,	0,	0,	0,	0,	0,	0
9200,	378,	12,	26,	6.1,	8,	12,	260,	43,	0.44,	171,	85,	24.28,	34,	266,	32,	1310,	16,	0,	408,	27,	1,	0.06,	1,	0,	0,	0,	0,	0,	0,	0,	0,	0,	0,	0,	0,	0
9000,	363,	13,	26,	5.8,	8,	12,	252,	42,	0.43,	167,	84,	23.33,	33,	266,	31,	1230,	16,	0,	393,	26,	1,	0.07,	1,	0,	0,	0,	0,	0,	0,	0,	0,	0,	0,	0,	0,	0
8800,	348,	13,	25,	5.5,	7,	12,	243,	40,	0.42,	162,	83,	22.41,	32,	266,	30,	1150,	16,	0,	379,	26,	0,	0.01,	1,	0,	0,	0,	0,	0,	0,	0,	0,	0,	0,	0,	0,	0
8600,	335,	14,	25,	5.2,	7,	11,	234,	39,	0.41,	157,	82,	21.50,	31,	266,	29,	1080,	12,	0.1,	364,	25,	1,	0.07,	1,	0,	0,	0,	0,	0,	0,	0,	0,	0,	0,	0,	0,	0
8400,	321,	14,	24,	5,	6,	11,	226,	38,	0.4,	152,	81,	21.00,	30,	266,	28,	1010,	12,	0.1,	350,	24,	1,	0.07,	1,	0,	0,	0,	0,	0,	0,	0,	0,	0,	0,	0,	0,	0
8200,	308,	15,	24,	4.7,	6,	11,	217,	37,	0.39,	147,	79,	20.12,	29,	267,	27,	949,	12,	0.1,	337,	23,	1,	0.08,	1,	0,	0,	0,	0,	0,	0,	0,	0,	0,	0,	0,	0,	0
8000,	295,	15,	23,	4.5,	6,	11,	209,	35,	0.38,	142,	78,	19.25,	27,	267,	26,	887,	12,	0.1,	324,	22,	1,	0.08,	1,	0,	0,	0,	0,	0,	0,	0,	0,	0,	0,	0,	0,	0
7800,	283,	15,	23,	4.3,	6,	11,	200,	34,	0.36,	137,	77,	18.40,	26,	268,	25,	828,	12,	0.1,	312,	21,	1,	0.08,	1,	0,	0,	0,	0,	0,	0,	0,	0,	0,	0,	0,	0,	0
7600,	271,	16,	22,	4,	5,	10,	192,	33,	0.35,	132,	76,	17.55,	25,	269,	25,	773,	8,	0.1,	299,	21,	0,	0.08,	1,	0,	0,	0,	0,	0,	0,	0,	0,	0,	0,	0,	0,	0
7400,	259,	16,	22,	3.8,	5,	10,	184,	32,	0.34,	127,	75,	17.12,	24,	269,	24,	720,	8,	0.1,	287,	20,	1,	0.08,	1,	0,	0,	0,	0,	0,	0,	0,	0,	0,	0,	0,	0,	0
7200,	248,	16,	21,	3.6,	5,	10,	175,	31,	0.33,	121,	74,	16.30,	23,	270,	23,	670,	8,	0.1,	276,	19,	1,	0.08,	1,	0,	0,	0,	0,	0,	0,	0,	0,	0,	0,	0,	0,	0
7000,	237,	17,	21,	3.5,	5,	10,	167,	30,	0.32,	116,	73,	15.48,	23,	272,	22,	622,	8,	0.1,	264,	18,	1,	0.09,	1,	0,	0,	0,	0,	0,	0,	0,	0,	0,	0,	0,	0,	0
6800,	226,	17,	20,	3.3,	4,	10,	159,	29,	0.31,	111,	72,	15.08,	22,	273,	21,	577,	8,	0.2,	253,	17,	1,	0.09,	1,	0,	0,	0,	0,	0,	0,	0,	0,	0,	0,	0,	0,	0
6600,	216,	18,	20,	3.1,	4,	9,	151,	27,	0.3,	106,	71,	14.28,	21,	274,	20,	534,	8,	0.2,	242,	17,	0,	0.01,	1,	0,	0,	0,	0,	0,	0,	0,	0,	0,	0,	0,	0,	0
6400,	206,	18,	19,	2.9,	4,	9,	143,	26,	0.29,	101,	70,	13.49,	20,	275,	20,	493,	8,	0.2,	231,	17,	0,	0.09,	1,	0,	0,	0,	0,	0,	0,	0,	0,	0,	0,	0,	0,	0
6200,	196,	18,	19,	2.8,	4,	9,	135,	25,	0.28,	96,	69,	13.11,	19,	277,	19,	455,	4,	0.2,	221,	16,	1,	0.10,	1,	0,	0,	0,	0,	0,	0,	0,	0,	0,	0,	0,	0,	0
6000,	186,	19,	18,	2.6,	3,	9,	127,	24,	0.27,	91,	67,	12.34,	18,	279,	18,	418,	4,	0.2,	211,	15,	1,	0.10,	1,	0,	0,	0,	0,	0,	0,	0,	0,	0,	0,	0,	0,	0
5800,	176,	19,	18,	2.5,	3,	9,	120,	23,	0.26,	86,	66,	11.58,	17,	280,	17,	383,	4,	0.2,	201,	14,	1,	0.10,	1,	0,	0,	0,	0,	0,	0,	0,	0,	0,	0,	0,	0,	0
5600,	167,	19,	17,	2.3,	3,	8,	112,	22,	0.25,	81,	65,	11.22,	16,	282,	17,	351,	4,	0.2,	191,	14,	0,	0.10,	1,	0,	0,	0,	0,	0,	0,	0,	0,	0,	0,	0,	0,	0
5400,	158,	20,	17,	2.2,	3,	8,	105,	21,	0.24,	77,	64,	10.47,	15,	284,	16,	320,	4,	0.2,	181,	13,	1,	0.10,	1,	0,	0,	0,	0,	0,	0,	0,	0,	0,	0,	0,	0,	0
5200,	149,	20,	17,	2.1,	3,	8,	97,	21,	0.23,	72,	63,	10.13,	15,	286,	15,	291,	4,	0.2,	172,	13,	0,	0.10,	1,	0,	0,	0,	0,	0,	0,	0,	0,	0,	0,	0,	0,	0
5000,	141,	21,	16,	2,	3,	8,	90,	20,	0.21,	67,	62,	9.39,	14,	289,	14,	263,	4,	0.3,	162,	12,	1,	0.11,	1,	0,	0,	0,	0,	0,	0,	0,	0,	0,	0,	0,	0,	0
4800,	132,	21,	16,	1.8,	2,	8,	83,	19,	0.2,	62,	60,	9.06,	13,	291,	14,	237,	2,	0.3,	1,	1,	1,	0.01,	1,	0,	0,	0,	0,	0,	0,	0,	0,	0,	0,	0,	0,	0
4600,	124,	22,	15,	1.7,	2,	7,	76,	18,	0.19,	58,	59,	8.34,	12,	294,	13,	213,	2,	0.3,	1,	1,	1,	0.01,	1,	0,	0,	0,	0,	0,	0,	0,	0,	0,	0,	0,	0,	0
4400,	116,	22,	15,	1.6,	2,	7,	70,	17,	0.17,	53,	58,	8.02,	11,	296,	12,	191,	2,	0.3,	1,	1,	1,	0.01,	1,	0,	0,	0,	0,	0,	0,	0,	0,	0,	0,	0,	0,	0
4200,	108,	23,	15,	1.5,	2,	7,	63,	16,	0.16,	49,	56,	7.32,	11,	299,	12,	170,	2,	0.3,	1,	1,	1,	0.01,	1,	0,	0,	0,	0,	0,	0,	0,	0,	0,	0,	0,	0,	0
4000,	101,	23,	14,	1.4,	2,	7,	57,	15,	0.14,	44,	55,	7.02,	9.9,	302,	11,	150,	2,	0.3,	1,	1,	1,	0.01,	1,	0,	0,	0,	0,	0,	0,	0,	0,	0,	0,	0,	0,	0
3800,	94,	24,	14,	1.3,	2,	6,	51,	14,	0.12,	40,	53,	6.33,	9.1,	306,	10,	132,	2,	0.3,	1,	1,	1,	0.01,	1,	0,	0,	0,	0,	0,	0,	0,	0,	0,	0,	0,	0,	0
3600,	87,	24,	13,	1.3,	1,	6,	45,	13,	0.11,	36,	51,	6.04,	8.4,	309,	9.6,	115,	2,	0.3,	1,	1,	1,	0.01,	1,	0,	0,	0,	0,	0,	0,	0,	0,	0,	0,	0,	0,	0
3400,	80,	25,	13,	1.2,	1,	6,	40,	12,	0.09,	32,	50,	5.36,	7.7,	313,	9,	100,	2,	0.3,	1,	1,	1,	0.01,	1,	0,	0,	0,	0,	0,	0,	0,	0,	0,	0,	0,	0,	0
3200,	73,	26,	12,	1.1,	1,	5,	35,	11,	0.07,	28,	48,	5.10,	7.1,	317,	8.3,	86,	2,	0.3,	1,	1,	1,	0.01,	1,	0,	0,	0,	0,	0,	0,	0,	0,	0,	0,	0,	0,	0
3000,	67,	27,	12,	1,	1,	5,	30,	10,	0.06,	25,	46,	4.44,	6.4,	323,	7.7,	73,	2,	0.3,	1,	1,	1,	0.01,	1,	0,	0,	0,	0,	0,	0,	0,	0,	0,	0,	0,	0,	0
2800,	61,	28,	11,	0.9,	1,	5,	26,	9,	0.05,	22,	44,	4.19,	5.8,	329,	7.1,	62,	2,	0.3,	1,	1,	1,	0.01,	1,	0,	0,	0,	0,	0,	0,	0,	0,	0,	0,	0,	0,	0
2600,	55,	29,	11,	0.8,	1,	4,	22,	8,	0.04,	19,	41,	3.54,	5.2,	336,	6.5,	52,	2,	0.2,	1,	1,	1,	0.01,	1,	0,	0,	0,	0,	0,	0,	0,	0,	0,	0,	0,	0,	0
2400,	49,	30,	11,	0.8,	1,	4,	18,	7,	0.03,	16,	39,	3.31,	4.6,	344,	5.9,	43,	2,	0.2,	1,	1,	1,	0.01,	1,	0,	0,	0,	0,	0,	0,	0,	0,	0,	0,	0,	0,	0
2200,	44,	31,	10,	0.7,	1,	4,	15,	6,	0.03,	13,	36,	3.09,	4,	353,	5.3,	35,	2,	0.2,	1,	1,	1,	0.01,	1,	0,	0,	0,	0,	0,	0,	0,	0,	0,	0,	0,	0,	0
2000,	39,	33,	9.9,	0.6,	1,	3,	12,	5,	0.02,	11,	34,	2.47,	3.5,	363,	4.8,	28,	2,	0.2,	1,	1,	1,	0.01,	1,	0,	0,	0,	0,	0,	0,	0,	0,	0,	0,	0,	0,	0
1800,	34,	34,	9.6,	0.6,	1,	3,	10,	4,	0.02,	9,	31,	2.26,	3,	374,	4.2,	22,	2,	0.2,	1,	1,	1,	0.01,	1,	0,	0,	0,	0,	0,	0,	0,	0,	0,	0,	0,	0,	0
1600,	29,	35,	9.3,	0.5,	0,	3,	8,	3,	0.01,	7,	28,	2.07,	2.6,	385,	3.7,	17,	2,	0.2,	1,	1,	1,	0.01,	1,	0,	0,	0,	0,	0,	0,	0,	0,	0,	0,	0,	0,	0
1400,	24,	37,	9.1,	0.4,	0,	2,	6,	2,	0.01,	5,	25,	1.48,	2.2,	397,	3.2,	12,	2,	0.2,	1,	1,	1,	0.01,	1,	0,	0,	0,	0,	0,	0,	0,	0,	0,	0,	0,	0,	0
1200,	20,	39,	9,	0.4,	0,	2,	4,	2,	0,	4,	22,	1.29,	1.8,	409,	2.7,	8.8,	2,	0.2,	1,	1,	1,	0.01,	1,	0,	0,	0,	0,	0,	0,	0,	0,	0,	0,	0,	0,	0
1000,	15,	40,	8.9,	0.3,	0,	2,	3,	1,	0,	3,	18,	1.12,	1.4,	421,	2.2,	5.9,	2,	0.2,	1,	1,	1,	0.01,	1,	0,	0,	0,	0,	0,	0,	0,	0,	0,	0,	0,	0,	0
800,	11,	42,	8.9,	0.3,	0,	1,	2,	1,	0,	2,	15,	0.55,	1.1,	435,	1.7,	3.7,	2,	0.2,	1,	1,	1,	0.01,	1,	0,	0,	0,	0,	0,	0,	0,	0,	0,	0,	0,	0,	0
600,	7,	44,	9,	0.2,	0,	1,	1,	0,	0,	1,	11,	0.39,	0.8,	448,	1.3,	2,	2,	0.2,	1,	1,	1,	0.01,	1,	0,	0,	0,	0,	0,	0,	0,	0,	0,	0,	0,	0,	0
400,	3,	46,	9.2,	0.1,	0,	1,	0,	0,	0,	0,	8,	0.24,	0.5,	462,	0.8,	0.9,	2,	0.2,	1,	1,	1,	0.01,	1,	0,	0,	0,	0,	0,	0,	0,	0,	0,	0,	0,	0,	0
200,	1,	47,	9.5,	0.1,	0,	0,	0,	0,	0,	0,	4,	0.09,	0.2,	476,	0.4,	0.2,	2,	0.2,	1,	1,	1,	0.01,	1,	0,	0,	0,	0,	0,	0,	0,	0,	0,	0,	0,	0,	0