8312,	732,	1,	36,	10,	15,	9,	222,	28,	0.17,	123,	95,	43.57,	51,	253,	43,	2250,	24,	4.2,	730,	37,	0,	0,	2,	0,	0,	0,	0,	0,	0,	0,	0,	0,	0,	0,	0,	0
8200,	652,	1,	35,	8.9,	11,	9,	219,	26,	0.16,	123,	92,	39.02,	46,	250,	39,	1860,	20,	4.2,	636,	33,	4,	0.04,	2,	0,	0,	0,	0,	0,	0,	0,	0,	0,	0,	0,	0,	0
8000,	588,	4.3,	33,	8.1,	10,	8,	213,	25,	0.15,	121,	90,	35.42,	42,	249,	36,	1610,	16,	2.5,	586,	31,	2,	0.04,	2,	0,	0,	0,	0,	0,	0,	0,	0,	0,	0,	0,	0,	0
7800,	547,	5.5,	32,	7.5,	9,	8,	208,	24,	0.15,	119,	87,	33.22,	40,	248,	34,	1430,	16,	2,	549,	29,	2,	0.05,	2,	0,	0,	0,	0,	0,	0,	0,	0,	0,	0,	0,	0,	0
7600,	513,	6.5,	31,	6.9,	8,	7,	203,	23,	0.14,	116,	85,	31.27,	37,	248,	33,	1300,	12,	1.7,	518,	27,	2,	0.10,	1,	0,	0,	0,	0,	0,	0,	0,	0,	0,	0,	0,	0,	0
7400,	485,	7.3,	30,	6.4,	7,	7,	197,	22,	0.13,	113,	82,	29.47,	35,	248,	31,	1180,	12,	1.5,	491,	26,	1,	0.04,	1,	0,	0,	0,	0,	0,	0,	0,	0,	0,	0,	0,	0,	0
7200,	459,	8,	28,	6,	7,	7,	191,	21,	0.12,	111,	80,	28.17,	34,	248,	30,	1070,	12,	1.3,	467,	25,	1,	0.04,	1,	0,	0,	0,	0,	0,	0,	0,	0,	0,	0,	0,	0,	0
7000,	436,	8.7,	27,	5.6,	6,	7,	186,	20,	0.12,	108,	78,	26.54,	32,	248,	28,	989,	12,	1.2,	444,	24,	1,	0.04,	1,	0,	0,	0,	0,	0,	0,	0,	0,	0,	0,	0,	0,	0
6800,	414,	9.3,	26,	5.2,	6,	6,	180,	19,	0.11,	105,	75,	25.37,	31,	249,	27,	906,	8,	1.1,	423,	23,	1,	0.05,	1,	0,	0,	0,	0,	0,	0,	0,	0,	0,	0,	0,	0,	0
6600,	394,	9.8,	25,	4.8,	5,	6,	174,	18,	0.11,	102,	73,	24.25,	29,	249,	26,	831,	8,	1,	404,	22,	1,	0.05,	1,	0,	0,	0,	0,	0,	0,	0,	0,	0,	0,	0,	0,	0
6400,	375,	10,	24,	4.5,	5,	6,	169,	17,	0.10,	98,	71,	23.17,	28,	250,	25,	762,	8,	1,	385,	21,	1,	0.05,	1,	0,	0,	0,	0,	0,	0,	0,	0,	0,	0,	0,	0,	0
6200,	357,	11,	23,	4.1,	5,	6,	163,	16,	0.09,	95,	69,	22.12,	26,	251,	24,	699,	8,	1,	367,	20,	1,	0.06,	1,	0,	0,	0,	0,	0,	0,	0,	0,	0,	0,	0,	0,	0
6000,	340,	11,	22,	3.9,	4,	6,	157,	15,	0.09,	92,	67,	21.10,	25,	252,	23,	640,	8,	0.9,	350,	19,	1,	0.06,	1,	0,	0,	0,	0,	0,	0,	0,	0,	0,	0,	0,	0,	0
5800,	323,	12,	21,	3.6,	4,	5,	151,	14,	0.08,	89,	65,	20.10,	24,	253,	22,	586,	8,	0.8,	334,	18,	1,	0.06,	1,	0,	0,	0,	0,	0,	0,	0,	0,	0,	0,	0,	0,	0
5600,	307,	12,	21,	3.3,	4,	5,	145,	13,	0.08,	85,	63,	19.13,	23,	254,	21,	536,	4,	0.8,	318,	17,	1,	0.06,	1,	0,	0,	0,	0,	0,	0,	0,	0,	0,	0,	0,	0,	0
5400,	292,	13,	20,	3.1,	4,	5,	139,	13,	0.07,	82,	61,	18.17,	22,	255,	20,	489,	4,	0.7,	303,	17,	0,	0.01,	1,	0,	0,	0,	0,	0,	0,	0,	0,	0,	0,	0,	0,	0
5200,	278,	13,	19,	2.8,	3,	5,	133,	12,	0.06,	78,	59,	17.24,	20,	257,	19,	445,	4,	0.7,	289,	16,	1,	0.06,	1,	0,	0,	0,	0,	0,	0,	0,	0,	0,	0,	0,	0,	0
5000,	263,	13,	18,	2.6,	3,	5,	127,	11,	0.06,	75,	57,	16.31,	19,	258,	18,	404,	4,	0.7,	274,	15,	1,	0.07,	1,	0,	0,	0,	0,	0,	0,	0,	0,	0,	0,	0,	0,	0
4800,	250,	14,	17,	2.4,	3,	5,	120,	10,	0.05,	71,	55,	15.41,	18,	260,	17,	366,	4,	0.7,	260,	14,	1,	0.07,	1,	0,	0,	0,	0,	0,	0,	0,	0,	0,	0,	0,	0,	0
4600,	236,	14,	16,	2.2,	3,	4,	114,	10,	0.05,	68,	53,	14.51,	17,	262,	16,	331,	4,	0.6,	247,	13,	1,	0.08,	1,	0,	0,	0,	0,	0,	0,	0,	0,	0,	0,	0,	0,	0
4400,	223,	14,	16,	2,	3,	4,	108,	9,	0.05,	64,	51,	14.03,	16,	263,	16,	298,	4,	0.6,	234,	13,	0,	0.08,	1,	0,	0,	0,	0,	0,	0,	0,	0,	0,	0,	0,	0,	0
4200,	210,	15,	15,	1.9,	2,	4,	102,	8,	0.04,	61,	49,	13.16,	15,	265,	15,	267,	2,	0.6,	221,	13,	0,	0.08,	1,	0,	0,	0,	0,	0,	0,	0,	0,	0,	0,	0,	0,	0
4000,	198,	15,	14,	1.7,	2,	4,	96,	8,	0.04,	57,	47,	12.31,	14,	267,	14,	239,	2,	0.5,	209,	12,	1,	0.08,	1,	0,	0,	0,	0,	0,	0,	0,	0,	0,	0,	0,	0,	0
3800,	186,	16,	13,	1.5,	2,	4,	90,	7,	0.03,	54,	45,	11.46,	13,	269,	13,	212,	2,	0.5,	1,	1,	1,	0.01,	1,	0,	0,	0,	0,	0,	0,	0,	0,	0,	0,	0,	0,	0
3600,	174,	16,	13,	1.4,	2,	4,	84,	6,	0.03,	50,	43,	11.02,	13,	271,	12,	188,	2,	0.5,	1,	1,	1,	0.01,	1,	0,	0,	0,	0,	0,	0,	0,	0,	0,	0,	0,	0,	0
3400,	163,	16,	12,	1.3,	2,	3,	77,	6,	0.03,	46,	41,	10.19,	12,	273,	12,	165,	2,	0.5,	1,	1,	1,	0.01,	1,	0,	0,	0,	0,	0,	0,	0,	0,	0,	0,	0,	0,	0
3200,	151,	16,	11,	1.1,	2,	3,	71,	5,	0.02,	43,	39,	9.37,	11,	276,	11,	144,	2,	0.4,	1,	1,	1,	0.01,	1,	0,	0,	0,	0,	0,	0,	0,	0,	0,	0,	0,	0,	0
3000,	140,	17,	11,	1,	1,	3,	65,	5,	0.02,	39,	37,	8.55,	10,	278,	10,	125,	2,	0.4,	1,	1,	1,	0.01,	1,	0,	0,	0,	0,	0,	0,	0,	0,	0,	0,	0,	0,	0
2800,	130,	17,	10,	0.9,	1,	3,	59,	4,	0.02,	36,	35,	8.15,	9.2,	281,	9.3,	107,	2,	0.4,	1,	1,	1,	0.01,	1,	0,	0,	0,	0,	0,	0,	0,	0,	0,	0,	0,	0,	0
2600,	119,	17,	9.7,	0.8,	1,	3,	53,	4,	0.01,	32,	33,	7.35,	8.4,	283,	8.6,	91,	2,	0.3,	1,	1,	1,	0.01,	1,	0,	0,	0,	0,	0,	0,	0,	0,	0,	0,	0,	0,	0
2400,	109,	18,	9.1,	0.7,	1,	3,	48,	3,	0.01,	29,	31,	6.56,	7.6,	286,	7.9,	77,	2,	0.3,	1,	1,	1,	0.01,	1,	0,	0,	0,	0,	0,	0,	0,	0,	0,	0,	0,	0,	0
2200,	99,	18,	8.6,	0.6,	1,	2,	42,	3,	0.01,	25,	29,	6.18,	6.9,	289,	7.2,	64,	2,	0.3,	1,	1,	1,	0.01,	1,	0,	0,	0,	0,	0,	0,	0,	0,	0,	0,	0,	0,	0
2000,	89,	18,	8.1,	0.5,	1,	2,	36,	2,	0.01,	22,	27,	5.40,	6.2,	291,	6.5,	52,	2,	0.3,	1,	1,	1,	0.01,	1,	0,	0,	0,	0,	0,	0,	0,	0,	0,	0,	0,	0,	0
1800,	79,	19,	7.6,	0.5,	1,	2,	31,	2,	0.01,	19,	25,	5.03,	5.5,	294,	5.8,	41,	2,	0.3,	1,	1,	1,	0.01,	1,	0,	0,	0,	0,	0,	0,	0,	0,	0,	0,	0,	0,	0
1600,	70,	19,	7.1,	0.4,	1,	2,	26,	2,	0.01,	16,	23,	4.27,	4.8,	298,	5.1,	32,	2,	0.3,	1,	1,	1,	0.01,	1,	0,	0,	0,	0,	0,	0,	0,	0,	0,	0,	0,	0,	0
1400,	60,	20,	6.6,	0.3,	1,	2,	21,	1,	0,	13,	21,	3.52,	4.1,	301,	4.5,	24,	2,	0.2,	1,	1,	1,	0.01,	1,	0,	0,	0,	0,	0,	0,	0,	0,	0,	0,	0,	0,	0
1200,	51,	20,	6.1,	0.3,	0,	2,	16,	1,	0,	10,	18,	3.17,	3.5,	304,	3.8,	18,	2,	0.2,	1,	1,	1,	0.01,	1,	0,	0,	0,	0,	0,	0,	0,	0,	0,	0,	0,	0,	0
1000,	42,	20,	5.7,	0.2,	0,	1,	11,	1,	0,	7,	16,	2.42,	2.8,	308,	3.1,	12,	2,	0.2,	1,	1,	1,	0.01,	1,	0,	0,	0,	0,	0,	0,	0,	0,	0,	0,	0,	0,	0
800,	34,	21,	5.3,	0.2,	0,	1,	8,	1,	0,	5,	13,	2.09,	2.2,	312,	2.5,	7.6,	2,	0.2,	1,	1,	1,	0.01,	1,	0,	0,	0,	0,	0,	0,	0,	0,	0,	0,	0,	0,	0
600,	25,	21,	5,	0.1,	0,	1,	4,	0,	0,	3,	10,	1.36,	1.6,	316,	1.8,	4.2,	2,	0.2,	1,	1,	1,	0.01,	1,	0,	0,	0,	0,	0,	0,	0,	0,	0,	0,	0,	0,	0
400,	17,	22,	4.7,	0.1,	0,	1,	2,	0,	0,	1,	7,	1.04,	1.1,	321,	1.2,	1.8,	2,	0.2,	1,	1,	1,	0.01,	1,	0,	0,	0,	0,	0,	0,	0,	0,	0,	0,	0,	0,	0
200,	9,	22,	4.5,	0,	0,	0,	0,	0,	0.01,	0,	4,	0.32,	0.5,	327,	0.6,	0.4,	2,	0.2,	1,	1,	1,	0.01,	1,	0,	0,	0,	0,	0,	0,	0,	0,	0,	0,	0,	0,	0