6308,	727,	1,	36,	8.8,	20,	7,	91,	15,	0.06,	36,	105,	43.36,	48,	227,	36,	1630,	20,	13,	727,	32,	0,	0,	2,	0,	0,	0,	0,	0,	0,	0,	0,	0,	0,	0,	0,	0
6200,	564,	1,	35,	7.8,	16,	6,	82,	14,	0.05,	34,	104,	38.07,	43,	226,	33,	1310,	16,	11.4,	620,	27,	5,	0.05,	2,	0,	0,	0,	0,	0,	0,	0,	0,	0,	0,	0,	0,	0
6000,	520,	3.8,	34,	6.9,	14,	6,	74,	13,	0.05,	32,	102,	34.19,	39,	226,	30,	1100,	16,	6.4,	563,	26,	1,	0.02,	1,	0,	0,	0,	0,	0,	0,	0,	0,	0,	0,	0,	0,	0
5800,	485,	4.8,	32,	6.2,	13,	5,	68,	12,	0.04,	30,	99,	31.39,	36,	226,	28,	964,	12,	4.8,	521,	24,	2,	0.05,	1,	0,	0,	0,	0,	0,	0,	0,	0,	0,	0,	0,	0,	0
5600,	454,	5.7,	31,	5.6,	12,	5,	63,	11,	0.04,	28,	96,	29.29,	33,	227,	26,	851,	12,	3.9,	486,	22,	2,	0.06,	1,	0,	0,	0,	0,	0,	0,	0,	0,	0,	0,	0,	0,	0
5400,	426,	6.4,	29,	5.1,	11,	5,	58,	10,	0.04,	27,	93,	27.36,	31,	227,	25,	756,	8,	3.4,	456,	21,	1,	0.03,	1,	0,	0,	0,	0,	0,	0,	0,	0,	0,	0,	0,	0,	0
5200,	400,	7.1,	28,	4.7,	10,	5,	53,	10,	0.03,	25,	90,	25.54,	29,	228,	23,	675,	8,	3,	429,	19,	2,	0.04,	1,	0,	0,	0,	0,	0,	0,	0,	0,	0,	0,	0,	0,	0
5000,	377,	7.7,	27,	4.2,	9,	4,	49,	9,	0.03,	23,	87,	24.20,	27,	229,	22,	603,	8,	2.6,	404,	18,	1,	0.04,	1,	0,	0,	0,	0,	0,	0,	0,	0,	0,	0,	0,	0,	0
4800,	355,	8.2,	26,	3.9,	9,	4,	45,	8,	0.03,	22,	84,	22.54,	26,	230,	21,	539,	8,	2.4,	380,	17,	1,	0.04,	1,	0,	0,	0,	0,	0,	0,	0,	0,	0,	0,	0,	0,	0
4600,	334,	8.7,	25,	3.5,	8,	4,	42,	8,	0.02,	20,	81,	21.33,	24,	231,	20,	482,	8,	2.1,	358,	17,	0,	0.05,	1,	0,	0,	0,	0,	0,	0,	0,	0,	0,	0,	0,	0,	0
4400,	314,	9.2,	23,	3.2,	8,	4,	38,	7,	0.02,	18,	77,	20.16,	23,	232,	19,	429,	4,	2,	337,	16,	1,	0.05,	1,	0,	0,	0,	0,	0,	0,	0,	0,	0,	0,	0,	0,	0
4200,	295,	9.6,	22,	2.9,	7,	3,	35,	6,	0.02,	17,	74,	19.02,	21,	234,	18,	382,	4,	1.8,	317,	15,	1,	0.05,	1,	0,	0,	0,	0,	0,	0,	0,	0,	0,	0,	0,	0,	0
4000,	277,	10,	21,	2.6,	7,	3,	32,	6,	0.02,	16,	71,	17.52,	20,	235,	17,	339,	4,	1.7,	298,	14,	1,	0.05,	1,	0,	0,	0,	0,	0,	0,	0,	0,	0,	0,	0,	0,	0
3800,	259,	10,	20,	2.3,	6,	3,	29,	5,	0.02,	14,	68,	16.45,	18,	237,	16,	300,	4,	1.6,	279,	13,	1,	0.05,	1,	0,	0,	0,	0,	0,	0,	0,	0,	0,	0,	0,	0,	0
3600,	243,	11,	19,	2.1,	6,	3,	26,	5,	0.01,	13,	65,	15.40,	17,	238,	15,	264,	4,	1.5,	262,	13,	0,	0.01,	1,	0,	0,	0,	0,	0,	0,	0,	0,	0,	0,	0,	0,	0
3400,	226,	11,	18,	1.9,	5,	3,	23,	4,	0.01,	12,	61,	14.37,	16,	240,	14,	231,	4,	1.4,	245,	12,	1,	0.06,	1,	0,	0,	0,	0,	0,	0,	0,	0,	0,	0,	0,	0,	0
3200,	211,	11,	17,	1.7,	5,	3,	21,	4,	0.01,	10,	58,	13.37,	15,	241,	13,	201,	2,	1.3,	228,	11,	1,	0.06,	1,	0,	0,	0,	0,	0,	0,	0,	0,	0,	0,	0,	0,	0
3000,	195,	12,	16,	1.5,	5,	2,	18,	3,	0.01,	9,	55,	12.37,	14,	243,	12,	174,	2,	1.1,	1,	1,	1,	0.01,	1,	0,	0,	0,	0,	0,	0,	0,	0,	0,	0,	0,	0,	0
2800,	180,	12,	15,	1.3,	4,	2,	16,	3,	0.01,	8,	51,	11.40,	13,	245,	11,	149,	2,	1.1,	1,	1,	1,	0.01,	1,	0,	0,	0,	0,	0,	0,	0,	0,	0,	0,	0,	0,	0
2600,	166,	12,	14,	1.1,	4,	2,	14,	3,	0.01,	7,	48,	10.44,	11,	247,	10,	127,	2,	1,	1,	1,	1,	0.01,	1,	0,	0,	0,	0,	0,	0,	0,	0,	0,	0,	0,	0,	0
2400,	152,	13,	13,	1,	4,	2,	12,	2,	0.01,	6,	45,	9.49,	10,	249,	9.3,	107,	2,	0.9,	1,	1,	1,	0.01,	1,	0,	0,	0,	0,	0,	0,	0,	0,	0,	0,	0,	0,	0
2200,	138,	13,	12,	0.8,	3,	2,	10,	2,	0.01,	5,	41,	8.55,	9.4,	251,	8.5,	88,	2,	0.8,	1,	1,	1,	0.01,	1,	0,	0,	0,	0,	0,	0,	0,	0,	0,	0,	0,	0,	0
2000,	124,	13,	11,	0.7,	3,	2,	9,	2,	0,	4,	38,	8.03,	8.4,	253,	7.7,	72,	2,	0.5,	1,	1,	1,	0.01,	1,	0,	0,	0,	0,	0,	0,	0,	0,	0,	0,	0,	0,	0
1800,	111,	13,	9.8,	0.6,	3,	1,	7,	1,	0,	4,	34,	7.12,	7.5,	255,	6.9,	58,	2,	0.4,	1,	1,	1,	0.01,	1,	0,	0,	0,	0,	0,	0,	0,	0,	0,	0,	0,	0,	0
1600,	98,	14,	8.8,	0.5,	2,	1,	6,	1,	0,	3,	30,	6.21,	6.6,	257,	6.1,	45,	2,	0.3,	1,	1,	1,	0.01,	1,	0,	0,	0,	0,	0,	0,	0,	0,	0,	0,	0,	0,	0
1400,	86,	14,	7.8,	0.4,	2,	1,	4,	1,	0,	2,	27,	5.31,	5.7,	259,	5.3,	34,	2,	0.3,	1,	1,	1,	0.01,	1,	0,	0,	0,	0,	0,	0,	0,	0,	0,	0,	0,	0,	0
1200,	73,	14,	6.9,	0.3,	2,	1,	3,	1,	0,	2,	23,	4.43,	4.8,	261,	4.5,	25,	2,	0.3,	1,	1,	1,	0.01,	1,	0,	0,	0,	0,	0,	0,	0,	0,	0,	0,	0,	0,	0
1000,	61,	14,	6,	0.2,	1,	1,	2,	0,	0,	1,	19,	3.55,	3.9,	263,	3.7,	17,	2,	0.3,	1,	1,	1,	0.01,	1,	0,	0,	0,	0,	0,	0,	0,	0,	0,	0,	0,	0,	0
800,	49,	15,	5.1,	0.2,	1,	0,	1,	0,	0,	1,	16,	3.07,	3.1,	265,	3,	11,	2,	0.3,	1,	1,	1,	0.01,	1,	0,	0,	0,	0,	0,	0,	0,	0,	0,	0,	0,	0,	0
600,	37,	15,	4.4,	0.1,	1,	0,	1,	0,	0,	0,	12,	2.21,	2.3,	268,	2.2,	6,	2,	0.3,	1,	1,	1,	0.01,	1,	0,	0,	0,	0,	0,	0,	0,	0,	0,	0,	0,	0,	0
400,	26,	15,	3.7,	0.1,	1,	0,	0,	0,	0,	0,	8,	1.35,	1.5,	270,	1.5,	2.6,	2,	0.3,	1,	1,	1,	0.01,	1,	0,	0,	0,	0,	0,	0,	0,	0,	0,	0,	0,	0,	0
200,	14,	15,	3.2,	0,	0,	0,	0,	0,	0,	0,	4,	0.49,	0.8,	273,	0.7,	0.7,	2,	0.3,	1,	1,	1,	0.01,	1,	0,	0,	0,	0,	0,	0,	0,	0,	0,	0,	0,	0,	0
